1000
1 222222228228288282
1 282228888888882288
3 000910109111900190
1 828828888828828282
3 188811181111811811
4
3 464666664666464444
1 822222228828288288
4
1 228882822288828822
2 008080880080800000
2 000008800888800808
3 919111009111091119
3 188118188888111181
3 228828222822288828
3 019011991109009119
4
2 008080088080000808
1 228828828228222222
2 800880880888088008
2 008800808088088800
1 228828222822288828
4
4
2 800008080088000888
1 282882888228882888
2 008808800800080080
3 019911991111999110
4
3 011991010900119101
3 700777777777007007
3 011111190111101090
1 288888282228228888
3 888000000808880888
1 828288882888282288
2 880008080800008880
3 991919101990199109
3 288888282228228888
2 088000008808800888
3 900900990999009009
2 808000808080088880
3 090101919001911910
3 110119190090910091
1 222222882828228228
4
3 110091911110000000
1 282222822828822282
2 000880800888000888
2 008080080000008888
3 552525225552555522
3 109911900901099000
4
4
3 999909910910001009
3 909900009009999009
3 090000099999099900
1 222282888882882828
3 110190900110911001
2 808880800000800008
4
3 525552555555255225
3 811181188188881188
4
4
1 288288288822288282
1 888282828288228282
2 880000008888888008
3 444464646446664464
3 909919000919111910
3 566555656555566666
1 228882888828822282
2 888000800000000880
1 282882282222222828
3 444664664444664444
3 525252525222255225
1 888888222888882282
1 228828822822882888
4
3 090999111109109901
3 010991011010119100
4
4
3 191900199901101909
2 080880808888000080
4
3 090090099900990099
2 800888880880880008
3 000077777777077070
1 888888888882828288
3 444464646446664464
3 444464646446664464
3 066060666000666060
3 666600066666006666
3 900900990999009009
2 008000080000080888
2 880808080888880808
2 000808880000888888
4
4
2 334933935539333994
4
3 882822281852852858
2 339944995599453939
4
3 181811811181181188
4
2 433535434943935933
4
2 559455334953433539
3 122851885828882222
3 222222882828228228
2 353543954554554935
3 066660666066666060
1 880008000088088880
3 007707700777070700
2 555553453933354535
3 880808088088088080
4
3 821812551825118151
3 515551288181222181
2 994333444399559953
3 511828188551525815
3 009909999009090000
1 808000800088088000
3 066660666066666060
2 959499495359445954
2 553459444949394459
3 644664444644466664
3 606666006066606600
3 660666006060000000
4
4
3 282121112155551215
3 990900000099009099
4
4
2 444493959334453349
4
2 393995453443995493
2 549593354495494343
1 088080800000000088
1 880080800800800000
4
4
1 000888808000880808
3 444664664444664444
1 080888888080000000
2 559935993354959555
2 559939339534549995
1 080888080080880000
1 088080888000088808
4
2 535533543339355599
1 008080088088008880
4
1 088888088808008808
2 954939359555353333
1 008808808880808088
3 880008080000008080
2 995499555395539359
3 252152552551211282
2 543935945934439495
4
1 880800808888888888
4
1 080088008088088888
2 349494335939955433
3 080888080080880000
2 549943443439493594
3 700007707000070077
3 821121588518515288
3 566566666655656656
3 555522555252222522
3 707700007007070700
4
1 880808088088088080
1 808008808808088000
2 992292922222292922
3 006600606660000000
3 000007070077777070
3 565656665666666655
3 252525221815185522
3 900000099999990099
4
3 646446464464666666
3 252222552222555255
3 700777777777007007
2 222229922229299222
3 888000000808880888
2 922999922299929229
3 155155115281828115
2 922922992222229299
2 229229929999292292
3 588821521222218111
2 929929999922222229
2 922999992922992992
4
1 888880000808088888
4
2 222992922292992292
4
3 660060000600000006
2 999929292922292229
4
2 222222229229929999
2 292222299229999229
3 558218185815128288
4
3 566566666655656656
1 088008000080888888
3 884448848488448448
3 181811811181181188
1 888000000808880888
3 488444884888844884
1 880008080000008080
3 111111818888811881
3 444664664444664444
2 299929222992992222
3 282882888228882888
4
4
1 088008888800008808
3 444444488488444484
4
1 111881811181881888
3 565656665666666655
1 111818111818181888
2 929222992922292292
3 848844888848444888
1 811181188188881188
3 060606606660660600
3 848884844844884448
3 811111881118881118
4
1 188811811811888811
4
2 922222992929229299
1 188811181111811811
3 006666060006060666
3 444844848848844888
3 844488844444448448
1 111118881181811181
1 188181181811111181
3 484848488488444488
1 111888881881818118
1 811111881118881118
3 070770700707007007
3 066666066600000000
1 811118811188181818
4
2 299222229292922292
4
3 600666006666606606
1 118188811111881181
4
4
1 111118811881811118
4
1 181818818818811881
3 707700007007070700
1 888811888188818818
4
1 188118188888111181
1 111111818888811881
2 992922292929222299
3 070707007077070007
2 292292929929922229
2 992299292999922299
3 448444448444444844
4
1 818818181888118181
3 448488488444488448
3 444464466666666644
3 070707007077070007
4
3 522222255225225555
3 222222228228288282
3 009909999009090000
3 884888888888448488
1 811181888818818881
2 292292222929992292
3 282228888888882288
1 181811811181181188
3 066660666066666060
2 292929992992999992
3 090090099900990099
3 848488844448848884
2 884181881814511145
2 484114188581844881
4
3 811181188188881188
3 228828822822882888
4
2 415854518188558854
1 888811818111811818
2 581554148558445845
1 644666646644664666
2 118814855144158885
2 145588148851415148
4
3 884484844444844484
2 588818814845118588
3 060600606660606600
3 848488444484884848
3 666666466446444664
1 446466446644666664
1 444464466666666644
3 779777997777779777
3 979997999797997979
4
3 888811818111811818
3 066600000600660666
4
2 541184448451188415
3 977977999977999799
4
4
4
3 060666660006066006
2 818141451515554118
2 145154451811855818
3 070770700707007007
2 455445845548555184
3 700007707000070077
3 808008808808088000
3 779797799997997977
2 485188581448154818
3 606666006066606600
3 999799799999799777
3 066666066600000000
3 779799977979979799
1 666466466646466666
4
3 977979797979999777
4
3 999999799999977977
2 854858441454488444
3 700007707000070077
1 444464646446664464
2 151851158141581851
1 644466444466666446
2 151488115411454141
2 454888814148154181
2 845184581414151541
4
3 225252222252252555
2 845154858885811151
3 565556565656555556
3 228828222822288828
2 544584851858815545
2 841884588114558815
3 066660666066666060
3 060066600066606066
2 990588089800988988
1 646666446664466466
2 805988905999088950
1 444644466464446444
2 809090955000859055
1 446466646444644466
3 979979999777999977
1 464444644646446464
1 466464666664444666
3 464444644646446464
3 777779799797777779
3 666600066666006666
2 058899990509950555
3 288888282228228888
2 809055095099589095
3 007000000000770007
1 464444644664466644
2 890595850859888808
3 779797999977779779
2 908059005889905555
3 008080088088008880
4
3 777779999777779799
3 779779999997779799
3 644664444644466664
4
3 799999777997777777
3 565556565656555556
2 000800888595989985
4
3 606060606000060666
3 799977977997979997
3 255525252555555255
2 955899885959000988
3 060066606600000000
3 255222555525225255
2 959580855985080058
2 088085809950005555
1 466644446644464666
3 707700007007070700
3 070070007770777777
3 000606060606666066
4
4
4
2 558908005859990995
3 566555656555566666
1 444666666464444644
1 644664444644466664
4
4
3 066606066000660660
3 777077700070000777
3 088888088808008808
3 336633336336333333
1 646446464464666666
2 590080800058580580
3 366333636663333633
3 336666363336336636
4
2 599555908555005999
3 770707770770077070
4
4
3 900000099999990099
3 663633333663633663
1 666646464446646466
1 444664664444664444
1 464666664666464444
1 666666466446444664
2 958995089890995900
3 555522555252222522
4
2 088995990950808985
3 606060660060006660
4
3 707000070700770007
4
3 333633333363666333
4
4
3 282882888228882888
3 464444644664466644
2 859890000558909999
2 555098885098589085
2 955800550059558595
1 255222555525225255
2 890990990595850058
3 633363663363333336
1 255222255225222222
2 566545645745746466
3 333363663633363333
3 633666663633636366
3 656556555666556666
3 555522555252222522
4
3 566655656656665555
4
2 665475445756664666
4
2 445756445755664767
3 555565656655665655
4
3 552525225552555522
3 366636363663336633
3 363666636666633333
3 666666666663633333
3 363636363666363363
2 777567766644544775
3 366333663366366663
3 363663333363366633
3 366366363636366663
2 455466654765544646
4
1 555522555252222522
1 255252225252225552
4
3 666363363663663366
3 707700007007070700
4
3 111118811881811118
3 007707700777070700
4
1 522222255225225555
4
2 744447765557477656
3 090900999999900900
3 633366333363633366
3 677760460006067646
2 547755556665465677
4
4
1 255255522522525225
2 765755775657467477
2 777745754676566656
4
1 255255525225222555
3 406004677604464460
3 447067777060640766
1 552525225552555522
4
3 747644076677046007
4
1 225252222252252555
3 007477440647664447
2 665745777466576646
3 776067006767604607
2 766654466644454457
4
1 522555525552252552
1 525225522555555522
4
3 076744464666067460
3 600404700607640660
3 640647667407764646
2 665675747574446456
4
2 557444477645575544
4
3 047040467664074764
1 255525252555555255
3 060764007064470640
1 252222552222555255
3 760704606660704467
2 744664577745756565
4
2 755665574457456574
3 707476746764474604
2 644657765575764776
4
2 644555664457745577
1 225222522552555525
3 460470444660740406
1 525252525222255225
4
1 522255222555525222
1 525552555555255225
3 044677770707447604
2 766755657667776765
1 522525255225525252
3 446774746704074647
3 477400077040706070
4
2 574577654467774657
1 252252225552525525
3 000444076704470444
3 006477760460706606
3 446746074004770460
3 044770076607400044
1 225255555525555222
3 660606464600007047
1 000600660066066066
4
1 066660666066666060
2 547574447767774555
3 444677477644640766
2 997797779779779799
4
2 979977779979997999
3 744040460404744674
4
1 060600606660606600
3 664407477766040444
1 660006006006606600
4
1 606060606000060666
1 600660666000060000
2 797779999797799797
4
3 046607440744060746
2 779977777799779777
3 776667746604474476
1 000606060606666066
2 779797777777997999
1 600666066666660060
3 766666704400767060
1 060066600066606066
1 660060000600000006
3 404446764007604746
2 797979777999977777
2 977979777797999797
4
1 666066060660000666
3 676060670760004700
4
2 779999977777999999
3 004664767447007067
1 060066606606066666
4
3 446777060640677707
3 407406440046747767
4
3 006606767747664040
3 677670606464074777
3 644474776744647006
2 797799797779779797
1 606666006066606006
3 406604004674676777
2 997797799999997997
3 404747046746000407
3 406446467667066064
1 666006006600006666
2 979979797797777777
3 776640440077647670
1 060066606600000000
3 033300704743734374
1 666600066666006666
3 707703477047077040
4
4
2 997977977999977977
4
4
1 060060060666660060
3 434333000447777340
1 660666006060000000
1 060606606660660600
4
1 606060660060006660
3 704447737344034300
1 777077700070000777
2 977997779997999797
2 799977977779999779
3 034074304704070004
3 774437733443377433
3 407334373403470074
3 743333337770334073
3 344737337730430040
2 799999779997799777
3 344007047704304337
1 000070070770770700
4
2 777799997979997997
4
4
3 403340470303033440
1 707700007007070700
3 444773403440034477
4
2 779777797797799797
3 403074374704470744
3 330740300403043700
1 070770077700077700
4
2 799999797779777997
3 373437473430707374
3 007370704747037033
4
2 777777977997977977
4
4
4
3 443773300047447040
3 003703443434303444
1 070770700707007007
4
4
1 700007070777000770
1 007000000000770007
3 307077447077773003
3 434340444307037347
2 997979797777997797
1 070070007770777777
4
2 037037777733373773
4
3 434747443444343743
3 004433444037777307
4
1 000707077000707077
3 003700473377444043
3 000034403434400473
3 330743347707340370
4
3 474007307333033374
2 037307033733037033
1 700777777777007007
2 707700700077370373
2 070700030703000773
1 707000070700770007
3 343774770403304040
4
4
1 707777770777077777
1 000077777777077070
4
1 700007707000070077
4
3 703447437703473470
1 007707700777070700
2 700730070077337030
3 007443773400407444
4
3 707433744770073733
3 734300333370400434
1 077700770000770077
3 434337073040304077
4
3 477703374430407034
2 770330700300000700
3 003704434077044300
1 077007700707777707
3 444000337040443370
1 770707770770077070
3 330044303743404434
2 030777077773703330
4
3 074070734004373403
4
2 773330337703003730
1 000007070077777070
3 037730737477303003
2 303703007703000730
1 070707007077070007
2 330370773703033077
2 330033733707033733
3 703440737377000374
3 033074434030074443
3 255251125525511551
3 212125151225121151
3 255111255121222151
3 555212115111515225
2 777033777730337377
3 555552522121121155
2 777730030370733077
2 070737077330330707
3 121555111155525555
1 555565656655665655
3 552522525211521511
1 655655556566556665
1 656556555666556666
4
2 773077770033777730
3 225152511115152211
4
1 655666665566656556
2 730330333070337703
3 121225252152525151
2 737033703370707333
1 566566666655656656
3 115115525525555112
4
1 656666566555556566
4
2 000373077737330770
3 122522121525521122
3 225215112552112511
3 522125521555252512
2 733003773077037007
4
4
3 551125121115221252
4
1 665666656555565556
3 115512521152125551
4
4
4
1 655656565656656566
3 211151155151112212
4
2 307777073700700707
1 566565565566566666
3 521211122151515155
1 665565565565555655
3 555525515225255215
4
2 622262622266226226
1 566555656555566666
2 262666262222266262
4
3 215521522525512521
3 522252552221555512
1 555555555556665666
3 121522252551555212
3 252151211555515251
1 655556665666665556
2 222626266226222666
1 555556655655566566
3 522521515511252122
3 215511125222221552
4
1 566665665666566556
3 521222211221125112
3 125551255222115222
3 112151522221251221
3 125515121111222121
2 622262666626666626
4
3 111555515111112121
3 251111211222551522
4
3 511112251251515522
3 252222115222155255
3 511212512512115252
3 515522552512225111
4
3 522512515111155222
4
1 566655656656665555
2 262666666222222266
3 122155212222252122
1 565656665666666655
4
4
3 151215555212251155
2 262266266266626622
4
4
4
4
3 212222122521251525
1 655565665556566566
1 555566666665656555
3 215515211111252112
4
1 565556565656555556
1 006060606000660600
2 622222666222262662
4
4
3 211125511111115552
2 266262262626266262
1 066666066600000000
2 266626662662222222
1 606000060006066000
3 303003033033333330
3 033333300300333300
2 226622666222266266
3 003303003033003000
1 066000000660666606
3 000303300333300330
2 262226222222226226
4
3 303330300333333000
1 006666060006060666
4
3 003033000033033030
1 600606660666000006
3 303333300330330330
3 030033003003333003
3 330030300000303330
3 030300330330003333
1 066606066000660660
1 606666006066606600
4
3 303330300000303000
1 600666006666606606
3 330333303033000033
3 033003003033330003
1 660000606006600606
4
3 003033300300000303
3 030303033000300333
4
1 000066606000066606
3 003330300003300000
1 006600606660000000
3 000033333033000330
2 622262226226622662
3 303033330300300033
3 333000330303303003
1 066600000600660666
3 030330000030033000
3 333300333330303303
2 626262666626262262
1 606660666666060600
3 330033000033000300
4
3 003033300003330000
3 333333003303333000
4
3 330300000300330003
4
1 066060666000666060
3 003000300033000330
2 622262662226226262
3 330300300033003003
3 033033333003030333
3 030000303303003003
3 300303330333003303
3 333003033000300033
4
1 066006660666000660
4
4
2 226662226226622662
2 222266222626666262
3 330033333303333303
2 662662222666222662
3 030000300303030030
1 600006600660606006
3 303033003330030000
1 060666660006066006
2 666626222222662262
3 303030300303030303
2 622622622666266666
3 330030030030030030
2 262266666622262266
1 600066066600000600
2 530500808355003083
3 333303333033030300
3 333333030303030033
3 300003330333030300
2 055805053508300883
2 505883080550305008
2 585385888888833805
3 033003303330330330
2 003358008503338335
2 330508833308535850
4
1 000660606606060066
3 404884484448408844
3 848000000440400008
1 909900009000990999
4
2 335088553580335005
4
2 535055588303558558
1 909900009009999009
3 444044848080800440
4
1 099090009099090909
1 990900000990009000
3 804804000480488840
3 444848880484884440
4
1 009900000009009900
3 044800008088840884
1 009909999009090000
4
4
2 550355358800330308
3 088048404888884804
2 835855888300055880
2 508803335300033808
1 900000099999990099
4
3 840404048048004844
3 884440484488004000
3 480040444848840040
2 088535855083003030
3 400444480480888448
3 400844848000088404
1 090900999000099990
2 585505530003055050
4
3 888888044004000848
3 404880404804400480
4
4
1 999099009900900000
3 848408040040844880
3 484804004084880040
4
2 005033303503830000
3 800040004048808484
1 090000099999099900
3 488848840400884808
1 099999909999099900
1 099000099000900000
3 448800084080844880
2 050505885350580088
3 040088448484408400
3 488040800008844080
3 048008400004040880
3 448048000004404440
2 055335585303858050
1 090090099900990099
4
2 830858800338855055
3 888840488080044884
2 885550838503508353
1 999000090990090999
1 090009000999900000
3 440884084000408880
1 009090999900900009
1 099909099909009009
4
1 090900999999900900
3 044404440804004844
3 400848040444800888
4
3 408088408808804008
4
4
3 444808800848880080
4
1 900900990999009009
4
3 444408848440444448
4
3 000444808480048084
4
3 044400404080848800
2 003338053538088335
3 044080444448040848
3 488484488884088088
4
2 003855558508305800
3 800440804048400844
1 990900000099009099
3 484808804800844800
3 400044844488008848
3 080448048404800080
3 044004848480848804
3 404840488044844408
