1000
1 566665656555566565
3 111551555551111151
1 565655556666655566
2 896668669698666969
1 556556566555655666
2 689998969998998668
3 388338333883838838
3 388333888883838333
3 434434343444334443
1 656666555666555655
3 993933339999993339
3 080808880880808000
1 665655566656566665
3 533353333333353353
3 443334443434343434
1 665555656566556656
3 383888838333388338
4
3 999939999399933339
3 838838388333388333
1 565666556655566665
1 566655556655556655
4
2 698699999968886998
1 656556656655565655
1 565556566555566665
1 565665666556656666
3 388838383388333338
4
4
4
4
3 333399339339933399
2 966698998689968999
2 889888868699899999
3 338888838338338838
3 333333933933999993
3 838833883338333838
2 999698999968869698
3 388833388388388338
4
1 666655666556555655
1 566656556555666566
2 969896989696969969
2 986999699868689889
3 399339339933999339
2 989999986998898889
3 333535533555333335
2 899899966888886889
4
3 838333338388383333
1 655566655666655566
1 656556555555656665
3 433434344333333433
4
2 969698868698686699
4
3 333838338838383838
1 655655656655555556
3 535335333335535553
3 333993339939993339
3 333339939999993939
4
4
3 838338883388833383
4
4
4
2 886669699896889689
3 838388383388833888
4
3 353533335333333535
3 999993999933999393
2 989868899668868668
1 665566665656656556
1 555555666565666565
4
4
2 968968988869998898
3 339933933399939339
3 383333338883388888
3 344434443333344334
3 338333388383338383
2 886896868968668989
1 656555565665556665
3 838383833383883883
3 333333883383888883
1 556665656656556666
3 393939399999399399
3 515151111555551111
3 338838833833838838
4
3 399339999399333999
2 896688989699699668
2 899688986986989996
3 399999939399333993
1 511155555111155555
3 533333535535533353
3 656556656655565655
4
3 600600660600060600
3 353533553535333333
4
1 151511111515551551
1 551111155155155111
3 066006066060006666
3 339399993333999933
3 778778878788777777
1 511115155551151115
3 066600660006660606
2 969866966999888888
3 808808800880000880
3 066066060666600666
3 333353355533533555
4
4
3 008808808000888880
1 555155155151551155
3 000066606600660606
3 666060666600600000
4
1 551115115151515155
1 115511111111111551
3 993399399999393399
3 000666660060060660
2 888898666868899998
3 444344334334344333
2 999868969886999968
4
1 111551555551111151
3 343344334433333433
3 566665656555566565
3 600060666006000666
4
4
1 115151551551551515
2 144777717714141771
3 533353333333353353
3 676777676666766767
1 151515511151151515
2 741717474111711771
2 177417777774141114
2 747477114174441474
4
2 111414471747441111
4
3 434434343444334443
3 676776667677766776
3 339339933393939399
2 711747177744747774
3 600660000666000660
3 088080088088000000
4
3 141111441111414441
1 115515551551515555
4
1 515151111555551111
1 151115151115511151
2 741474711774111417
3 888888888088888880
2 477444717717441174
3 006606000060060660
3 393399339393933933
1 155151511155511511
1 515551551115551551
3 000088808808000080
3 353533553535333333
4
4
2 747474444114771117
1 115151555151551151
3 660660600060066660
3 339339933393939399
4
3 939933399339339399
3 060600060000066066
3 666600660066600066
3 999933333999939393
3 433434344333333433
3 141444411141114144
2 414141771771111177
1 511151511515515115
4
3 888888887787887788
4
2 744744411171711441
3 877787888887787877
1 555111551115155115
2 117774471474747441
3 355335353535333333
3 553355355355333535
4
3 333555555353555555
2 174477414147117444
3 511155555111155555
1 551515151151155151
3 888888887787887788
3 339933933399939339
2 771741744111417774
2 477741114141417147
2 144141477447471444
2 441177477414144471
2 477174444147171771
1 151551511151511151
1 999933333999939393
3 333535333533355535
2 447771711114144417
4
3 533353333333353353
3 556665656656556666
3 553333535353535333
3 551111155155155111
1 939333393999939399
2 144471144117444411
3 553353355335555355
3 441141411111441444
2 990199010110991919
4
1 993933339999993339
1 999939999399933339
4
3 355535553555533535
3 335355535533553355
2 911000111991090111
1 399339339933999339
1 399399339993939933
1 339933933399939339
4
3 333355535535533353
3 767776777777776776
4
3 155151511155511511
2 111199100909911010
4
2 919110990009100010
2 010000011999010919
4
1 333993339939993339
4
3 888888887787887788
4
3 333533333355535335
4
2 910910111090919110
3 553553333553335353
4
3 353333555333335335
3 551111155155155111
2 911111000010919909
4
3 535353335355555355
1 333399993393339339
1 339933993333333333
1 399339999399333999
1 939933399339339399
3 535533355333353333
3 333555535333353553
4
4
3 355353535553533333
1 339339933393939399
4
3 333553553355553535
3 999933333999939393
3 151515511151151515
4
2 000991190111091011
3 334343333444443343
4
1 999993999933999393
4
2 001999010191099009
2 911010911191919099
2 919001090919901191
1 993399399999393399
3 939993399393933339
2 101900110111190109
1 399333933939933993
3 787778788878887778
3 555353555553553535
3 333333533355555335
2 900919100909019191
2 910911910111199111
3 555333335535333555
3 333533555353553335
1 339333993993999399
3 151511111515551551
1 933339933933939999
3 088880000888888880
3 335553555355535533
4
3 151515511151151515
2 119110991199099991
2 009091009000990109
3 778778878788777777
2 900000110010010100
4
3 288886886666268628
3 787877787778787788
2 009909911109999101
4
3 933333993399933933
4
2 100091090091190991
4
2 110001910919191190
3 111551555551111151
3 339933933399939339
4
3 088080088088000000
1 399999939399333993
2 322922773323372723
4
3 268628282262866826
3 767776777777776776
3 268682862882662668
1 993339933933399399
4
1 787778788878887778
3 556556566555655666
1 888888887787887788
1 877787888887787877
4
3 114411144411111114
3 666626228268688886
3 656555565665556665
3 666862662288286288
1 788878877877778787
4
2 297222237797729372
2 993997792999792733
3 008800800808808880
4
1 778878877787787778
3 665555656566556656
3 333399993393339339
1 777888777888887877
2 399323227227327277
3 333399339399993333
2 737939372397933993
1 787878878888777778
3 266668288886826626
3 868286282868266666
2 229729229779277793
3 655566655666655566
2 929923392997773393
2 339297727922972337
3 886622266228828888
4
1 778877888788788878
4
3 111114414441144111
4
3 282682282228626882
3 766766766677777776
3 682826668828686866
3 808000800080008880
1 878777877878877777
4
1 887777777887887778
3 828688222682828266
4
1 877777778887788778
1 777777777888887787
4
4
4
4
2 722372777222797277
2 972233232399922272
3 286288822682286666
1 787877787778787788
3 626888868282828682
4
3 767776777677666677
3 333353355533533555
2 329777772737993297
2 799799922297273933
3 141441414111141144
1 787888778777787778
2 937327922233733227
2 973277999933399292
1 778788778877887877
3 399339999399333999
2 997773922393337232
4
4
3 333355535355333335
3 828822283228282833
3 333933993933393399
4
1 887887888787788788
3 993999333399933993
4
3 223888828233223838
2 932373293999973777
4
2 929323933233932379
3 766766766677777776
1 788888887777787778
2 323372229977223997
3 344434434334343443
1 888887788888788888
1 788787877877778887
1 778778878788777777
4
2 377333339793937232
2 223979979339999723
3 788878877877778787
4
1 666777676677766676
3 433434344333333433
1 667777676666667766
3 828222322822323333
3 443343433433444334
3 383328223322383822
1 767776777677666677
1 676776667677766776
2 353337373137735755
3 388828233288883238
4
1 667677667766777767
3 333535533555333335
2 777155553115753313
3 833288223232233832
4
3 787878878888777778
3 333555555533535355
2 355513315551713313
1 776667777666766767
4
3 822283282823232838
4
2 371177375113771537
3 832232338322238832
3 443343433433444334
3 778778878788777777
3 088008088880000000
1 677676776677677776
2 151171575557553153
3 441141411111441444
1 667766667666767666
3 888828323823222328
3 441141141414414114
3 322338888382233383
4
3 551115115151515155
3 877787888887787877
1 766777666677666666
1 766676767776776677
3 993399399999393399
1 776766766767667667
4
1 677667767666776777
4
4
2 317315373537515775
1 667677766766677677
1 777666776667767667
3 115151555151551151
3 993399399999393399
3 414441141111111444
3 822888823888332882
1 777766776776777677
3 939993939999999993
1 666777767767776666
4
4
3 566656556555666566
4
4
3 883328823238883288
1 676777676666766767
3 333383233828328288
1 767776777777776776
2 735131111315175135
3 333399339339933399
3 443444443344334343
1 677676777676777666
1 766766766677777776
4
1 353533553535333333
3 115515551551515555
2 777733511737571317
3 777766776776777677
3 344432343234423433
1 353533335333333535
2 715731177757337757
1 533533535353553355
3 343422442242444223
3 444434442333443333
2 773355313757537151
3 222434332324222433
3 433423243422324324
3 322432222442233342
1 333555555533535355
2 177311375557335511
2 331735375157757153
2 551357155135111113
3 443343433333423422
3 443442223234422332
2 711531177371313351
2 515135553757777351
3 323233332232343343
4
3 334334244434332233
2 753713337533771155
3 223344323334433342
2 355517133115151553
3 342232334234244442
4
3 444334344433343232
4
2 553735717111731513
2 771115377133533133
1 535335333335535553
1 535553355535533335
1 533353555355353333
2 711371153771115513
4
2 444044040040404404
1 355335353535333333
1 335553555355535533
3 243243434332234324
2 000404404040000044
1 533353333333353353
3 424223324432243444
1 333535533555333335
3 222322344433342322
3 433433323332324442
1 335535335553553533
4
4
1 533535333335555553
2 000404404440440040
3 334223222323323224
1 333555555353555555
4
4
2 000000440404040440
4
3 243323332234423243
2 044400440004440040
4
3 333434322444432323
1 355533555535533355
1 355333353333533335
3 244233422234233233
2 444040444444044400
3 424234434444222443
1 333355535355333335
3 232332422333242343
1 533333535535533353
3 343433333234322422
4
4
2 000400440400000444
4
3 223224233424243332
3 332244444344223423
1 333353355533533555
4
3 324222433224223433
4
1 535533555533553553
4
2 404044440404444044
4
3 242324434333223242
4
3 332343443422344323
3 243422424434433432
2 004400004444040404
3 233322343232244433
2 040000444400044000
3 433333444432433332
3 433224332242433442
3 442332422324234423
2 040404000404404040
4
2 444040040400404444
2 444004040444440400
4
3 423234332344333442
1 808808800880000880
1 888000800880808888
1 888888888088888880
2 004000444400444004
3 332322334324224442
4
2 440400044040040040
4
2 000440044004400400
3 234442444223223334
1 800808000800800080
3 234343322232342323
3 433432444432433342
2 440404440400444440
1 088880000888888880
3 434433244333232333
3 222299999299992929
3 292922992292929299
2 440004440440404004
1 880088808088008088
4
3 229929992299992999
4
4
4
3 999292992992229299
3 992929922292292992
4
3 992992929992992999
3 992299229992922929
4
1 888008080088888808
2 004040400444040000
3 292299992999929292
2 404000404004044004
1 088008088880000000
3 999929292292992299
4
2 376777131733617137
2 166371363637616663
1 088080088088000000
3 992292929292999992
2 736177631371677163
3 229992222929299929
4
4
1 888808000880800008
2 173373117367113637
3 922299929929222929
3 992922992292229299
2 111736176163373761
1 008808808000888880
1 880088008088008880
2 136166367337773113
4
1 808008080008880800
2 763671116166111116
3 992999999999292999
4
2 666631336176311771
1 808000800080008880
1 008800800808808880
3 999299929929992999
3 299999929999292229
3 929922229929229999
4
2 333176177361116631
1 000088808808000080
3 999929929292292222
2 377736776113171617
3 292929299222999992
3 999999229922299222
4
3 222992222922992929
3 922229922222922292
2 311611717167363611
3 222992992299222992
1 888000080800880888
3 222999922299299929
3 299292999229929992
3 222292929222222299
1 008888080880880088
3 222292999292922992
2 777163666763313313
3 929292922992929222
3 992299299922229992
2 367371367136131671
4
3 922299222229299222
3 229929999292299999
3 299222929292999929
4
3 292299922999222922
1 008000080080088008
4
1 080808880880808000
4
3 229222999929229299
3 929292222999229999
1 111114414441144111
4
4
1 441141411111441444
1 444441144441411411
4
4
2 117667176173631736
3 999292222922992992
3 229229929929229929
3 999992229922922999
4
1 441411441444111441
4
3 992229222999299222
3 999292229992292922
2 673773633117373617
3 131301033010333030
3 013333303133000331
3 100331133033011030
4
3 310131300000301113
3 130133330110103110
1 411144444411444114
3 103310100003303113
3 333030113100331100
2 337111133171773333
4
3 100313030030330131
2 311736617766637113
4
2 673661116331137616
1 441114141111141111
3 301010111331030331
3 031130131331101000
3 000130103100131311
1 141111441111414441
2 761336637117136136
1 141111414411114144
1 441441114444441114
2 637366713761716676
3 100310101031001113
2 212112211212211112
2 221212211221222111
3 301303101313313001
3 330000300303110301
2 112221211122212122
4
4
2 121222111211221211
4
2 212121211121112212
4
3 030110031311130011
1 111111114411441441
1 111411141414144144
4
1 114411144411111114
1 411444114141411111
3 103303003001310133
1 141444411141114144
2 222112112122212222
2 222112111122221211
2 121212122221112112
4
3 311303313131000110
1 141441141144411114
4
3 100030013011130013
3 333011303310011031
3 313313001101131010
4
3 031031030003013110
2 212222112122211111
2 121221112211112222
3 331113133103103110
3 313303331331101133
3 330103301331301103
2 212221122112212222
4
3 110031130303300303
1 414441141111111444
1 411411141411111411
4
4
4
3 101100310013133103
3 301101330111310110
4
4
3 013033030010103033
1 414411411411141444
3 301301313131330033
2 121121112111122122
3 113001011110033330
2 122222121221111212
1 141441414111141144
3 011000311030301003
4
3 003003331011001001
4
3 313303013130313000
4
3 000101031301301033
1 441141141414414114
3 013311100331330130
3 130011111031300000
2 112121211112212222
2 221112212221121111
2 212211221212121112
4
2 122211221112221112
1 444433333333433433
4
1 443343433433444334
3 303301113111133113
2 121221122221112112
1 444333344333334344
3 103301303000131133
4
2 212221212121111122
2 221122211111211212
1 434334333333344333
2 708871810817781110
3 013110303010011101
2 081807077771877777
4
1 344434433444444443
3 011311131133000130
3 881118181188188818
3 111881818118888811
1 433443333433433334
4
2 001180880080718770
4
2 770718718111077008
3 111888881811111188
1 433434344333333433
4
2 088801108810870810
3 188111188888818118
3 811111188188881811
1 433344433444444443
3 811118818888881811
2 188101171000817010
3 111881118188881881
3 188111181818881118
3 818111111881881118
3 888111818111881118
3 818118118188881811
2 171800078080108888
4
2 801171880770818800
3 888818818188181818
1 344434434334343443
4
3 181188818181118188
2 070888718008181870
3 188118888888188118
3 881181881888818111
4
4
4
1 444344334334344333
3 818881118188881118
1 334343333444443343
3 118181111118818811
3 111111818818881811
2 111887711888871087
1 443334443434343434
3 888111111818881881
2 801887011010801888
3 818811888818181811
2 778100788810080017
4
3 181881818881181188
2 811711880701808080
3 811111811888811888
3 888111188881818888
3 181181818811188181
3 111818811888188881
2 777170707108708077
2 871780081800110070
4
3 811818188111188881
3 811111118181811188
1 344434443333344334
3 188118188181111888
3 188181881888111181
3 881188118111881811
1 433443433333434344
3 118888111118188818
3 181188818818888181
4
3 811118118888188888
1 344444444343344434
2 871071817810078870
3 188181888818818811
1 434434343444334443
4
3 811888881181118188
1 444433434333333343
2 071878007100081010
2 181778080887780810
1 343344334433333433
2 087118177870001018
1 443444443344334343
2 780077087817707887
3 888818188888111811
3 888188181118818118
3 181188118181888118
4
2 819818188819891898
1 434344444344334443
2 811818911899888881
2 919818989899819989
2 918119911898919918
4
3 818118881818111111
4
2 881888889188198898
4
3 111888888118888818
3 352232220030302030
3 352325033255220525
3 522523232255222203
1 993999333399933993
4
3 335235532220303222
3 205323253300552550
4
3 032503230325553000
4
2 899198191898888989
2 118889918911199981
2 889918998191191181
1 393399339393933933
2 999191818118898989
4
3 030325252355520220
3 300200525320322320
2 889189199981981811
3 320235352520235232
4
4
2 911198818891889911
3 503322500033052533
4
3 235052352033002230
3 035233203533303350
4
3 053335200520200323
4
4
3 303500500552225305
2 199111881188181981
3 330333003523353220
1 333933993933393399
1 333339939999993939
1 399333993399933393
1 999393333933399993
2 189891111881118191
3 553222325525033250
4
3 305203355355223203
4
3 035502235232032352
4
3 002033555053233233
3 222053002353022025
3 205253335333025200
3 350530305225202523
1 333399339399993333
3 220035332202005322
3 303553333533200522
3 255003302020502032
3 055055055000323222
4
3 003523330520050333
3 522323203520520552
3 333502500020505202
3 332250520205055052
1 393933399339993339
1 339399993333999933
3 205550235232550325
2 119188918898989899
3 332223550252532550
2 989118191118991991
4
1 393939399999399399
3 300300325235255022
3 223320320020005003
1 333399339339933399
1 939993939999999993
2 989181899918188818
2 889988811981889999
1 933333993399933933
4
4
1 939993399393933339
1 393933999393339339
3 235225202353320533
4
2 181189989111819891
1 393393933933399399
1 933939999993993933
2 181981898989981981
3 253535303032323203
3 532503523020530005
4
3 303333502355553220
1 333333933933999993
3 522352523223535522
2 818889198188199918
3 330200305020225352
1 399333399339339399
1 333933339999393333
