1000
1 113113311331133311
4
2 277278827888827788
4
3 331113133131111111
2 227787777288872822
3 699966966669699966
3 004040246000002246
3 554455445554545454
3 999393939393933339
3 992999299299922929
2 827227887772228722
1 131131113133113313
1 113133133313331333
1 331133333113311113
3 222226002600006462
1 131113111111313133
2 872282278227727278
1 331131331111313111
1 111131333133311113
2 227827287272772828
1 131333333333311111
2 787287877828227772
3 336633336633363636
2 782822888872287222
4
4
3 644666444466666444
2 822772778828288882
3 933939339393399393
1 313131111331331133
2 288728877222788727
3 464466464646446664
3 600422264024640662
1 331113133131111111
3 939933333399939399
3 336633336633363636
4
3 422424644666406426
3 464466464646446664
4
3 246204264046026244
4
1 311311333333131313
2 788782828882727727
4
2 887788287287772778
1 333133131313131131
3 339999999333393393
3 331131331111313111
2 828772722877788228
4
4
3 555555554444545454
3 462620044462640260
4
3 339399333939339933
4
3 799799799997979799
2 887227878788877772
4
2 777228227878828888
2 822278727827887288
3 204606044602644040
2 222722722788778872
4
4
3 642442624446646406
3 393339933333939993
1 133313313133333111
1 331113111111133331
2 828722882788228288
1 133313311331331311
2 888277787227227778
3 363366663636663336
4
1 333311333313313331
3 220004240024602622
3 545454545444555555
3 696996996999966666
4
3 229222222922222222
1 333313133333133133
4
1 133311131313133311
4
3 666696966999696696
1 131313113311311133
1 313331113311331111
3 331131331111313111
3 993393933339399999
2 788888878822787288
2 777227887882278787
4
1 696966969969666999
1 699966966669699966
3 656556556665566556
1 999996996696696969
3 797779979999997999
1 996996969666699666
2 872888883222377272
4
3 244206426244624662
2 338783732283338823
4
2 278782288377727872
2 872887738738827337
2 772772272722873877
4
2 827232737327722772
2 783387232333883383
2 878733382278727223
3 339399333939339933
3 993993393339333339
3 339333933939993399
1 996966996669696669
1 666696966999696696
2 277878388737882777
3 666665656565566665
1 966996666696696669
4
2 733333828323733223
4
3 577775577755777577
4
4
2 728723222837322883
3 577777575555557577
1 696969996666966699
4
4
3 655556566655566556
3 999977799797977799
4
3 311311333333131313
4
3 757755777757755557
4
1 666669666966999969
2 788837782333722787
2 282288737333288887
2 833322828388772737
2 872377328822722822
3 464466464646446664
4
4
3 557775557777757777
2 237832287233322288
2 382772328838237837
4
2 882287738778828228
3 555775757577555755
2 222772337338872778
2 783322277322378837
2 177711175575771577
1 966996969969699999
2 115715171557557511
3 575777557755577555
1 699969966999696669
3 775755757777755555
3 775757555777775555
3 292229999299999992
3 922222922299292299
2 777515757711571717
4
4
4
4
4
4
1 966696999999969969
4
3 775757577555557755
2 155111517117557511
2 711117577111151575
3 444644466644644646
2 551115777557115155
3 775777557555755577
3 545445545554555455
2 757117155757771171
1 699699999699666969
3 666666664444646664
1 696999669669999696
3 577555575575777575
3 464444446444446466
4
4
3 939933333399939399
3 999977799797977799
3 636636666363663663
3 757757557555755777
4
1 666699666966666666
1 966996666666969999
1 696996996999966666
2 177515151717157777
1 669999996996696996
2 771171117177171517
2 555711575155511557
1 999696696699966666
3 444644466644644646
1 699966669996966696
3 646664646664466444
3 333311333313313331
4
3 922992292922222922
4
2 575551171115517771
3 757775755577575775
3 557577577575557555
1 446446466464666646
2 151155117775151751
3 554444455544444445
4
3 666666666644644466
2 755757771551551575
3 575755775777777775
4
3 669999996996696996
2 777551555511115511
3 555777777757555555
1 464466464646446664
3 555665566656666656
1 666666666644644466
2 751775157551715511
3 779799977797779799
2 517711777511711575
1 464664666664666464
3 933939933339999393
4
3 966996666696696669
2 157175771117771755
3 229229922929222299
3 939993939333999339
1 464464446646466466
4
3 292229999299999992
2 177777755117511717
4
3 799999797979777797
4
4
2 151515555771117555
3 979799977999777999
2 155711515717575511
1 444666464664664446
4
2 959595995559599995
2 599555555559959599
2 995559599955599595
2 555995999559995599
3 997779799797799797
4
3 979999799977797799
3 133311131313133311
4
3 777997979999999977
3 939339939939993339
1 664444646444446446
2 999959995559955555
3 933939339993339333
1 466644646646666666
4
4
4
2 555955955959559559
4
4
2 955599955559559955
3 797977997777799797
1 464444446444446466
1 644446644664466666
3 644666444466666444
4
2 599959559599959955
2 959599955999999555
3 444544444545554454
3 799797999999799977
1 646646644446646666
3 999229992992229999
2 599999599999955999
2 995995959599999555
1 666666664444646664
3 336633363666633366
3 977777799979797977
4
3 799999797797979979
4
3 331113111111133331
4
1 444666464666646464
3 779999799777777779
2 955995559995599995
3 131313113311311133
3 979977777977979777
4
3 229229922929222299
3 979997979777997999
1 446464464466646444
3 669999996996696996
1 646666644464464464
4
2 599955599959959999
3 699699999699666969
2 599595995955999955
3 799997799997979999
3 331113133131111111
3 777999779797777999
3 393993399939399999
3 464444446444446466
4
3 996966996669696669
3 444455545445545554
3 445554444444444544
3 779799977797779799
3 979999779999777797
2 559959595959555999
2 999599599955959559
1 644666444466666444
2 555555995959595955
4
4
4
1 444644466644644646
3 779977777779777977
4
4
3 464664666664666464
4
3 666665656565566665
3 636366636366636366
3 333393399993393993
2 959959595959595599
4
4
1 466666664646444664
2 555959595559955599
1 666646446446666666
2 595595959995999955
3 464664666664666464
2 337377332737777372
2 373723737722227232
3 144141411444444444
2 237373233773777327
2 377272273373333273
3 666555556666656656
1 646664646664466444
3 411414114441141411
1 554444455544444445
4
1 444455544554455554
3 444111111144444411
2 737723733722273373
1 444544444455455545
3 336633336633363636
3 366363333663633666
1 445554444444444544
2 333772733732377732
3 797779979999997999
1 444444544545454544
3 799779997999777999
1 555555554444545454
4
1 454545455545555554
1 545444545454455444
3 655666665655656655
3 313131111331331133
3 939993939333999339
3 414141144411141411
3 633363636366333333
3 114114144444411141
3 444414441441444414
1 445445554554544445
4
1 545454545444555555
3 414444114144444114
2 773737733327327272
1 544555545455544544
1 454444555545455455
3 633333366333633663
4
2 322333772237772272
3 666646446446666666
2 232222233727772223
1 545444555554455445
1 554455445554545454
3 411141414441114141
3 414411144441114414
2 233323333773327273
1 554544454445445544
3 669999996996696996
4
3 799997779799777777
1 444544444545554454
3 299299929999992229
3 993999393933399993
3 144114111141111144
4
4
2 222773337333322273
3 665565555565666666
3 141444114141411111
3 444414414114444441
4
2 727327322777327237
1 545445545554555455
3 665565665666555666
1 554554544545545555
3 144141414441411111
2 322333272273733737
4
3 393993399939399999
4
2 227237337237723273
1 554455555544555544
3 114411441111411441
1 444455545445545554
2 733277232732732272
1 339339339339393333
1 993393933339399999
3 993993993399399939
2 732722377732233272
3 656555656656556566
4
4
4
3 545454545444555555
3 313331113311331111
3 922922229922992292
4
2 327733272372727372
4
1 933999399933339999
2 737777377222332377
3 313311313111113133
2 222327722322337377
1 993339333939933393
3 331333311313111113
1 933939339393399393
3 113331113333333313
1 999993333333933933
3 566556656565656655
3 311333311113131133
3 311313113131111331
4
3 656555656656556566
4
2 337233373732377722
4
4
2 344044434344034404
2 400004030443334303
2 033033040434003004
4
2 004333034433300043
4
3 446464464466646444
4
3 113131333113113313
1 399939933393333993
1 399999333399393399
4
4
4
3 222922992292929999
4
2 330344300040333340
3 313333113111333311
3 299299929999992229
2 040403344340300404
2 004330034444000004
2 334433033340430434
3 933339339999993399
4
3 113311313133313333
3 133133331333131131
1 399333993933339933
4
2 043400440400304033
3 464464446646466466
3 699966669996966696
3 113131331311113311
1 939339939939993339
1 339999999333393393
3 977979977977799799
4
1 999393393339999339
3 131113313311311113
1 933399333399933933
4
1 399999333993339939
4
3 131113131333333313
3 444666464664664446
3 992999299299922929
2 404403333333440334
1 939993939333999339
3 333113331133333331
3 554444455544444445
1 339993939993939339
4
1 393333333939933339
2 004344033444304300
3 111133133311131333
3 656555656656556566
3 444644466644644646
2 033343434003344303
3 464444446444446466
1 933393993393393399
1 993399993399999399
2 334343400044030343
3 644446644664466666
3 133111331311113313
1 393993399939399999
1 229999299929999299
4
1 922992292922222922
3 113113113313331113
3 999229992992229999
3 544555545455544544
2 040330344444033340
3 333393399993393993
3 336633336633363636
2 033000403443444040
1 999229992992229999
3 979777799797999779
3 313311313311331333
1 299299929999992229
3 999696696699966666
2 003300330333040330
4
4
3 242424224224444444
3 222222242224244222
3 444424442242444422
1 999929229929992229
3 444442444424424222
2 343030044340000040
1 299292992929922922
3 242442424242424242
2 403040444044443443
2 004043330034334400
3 242444422424242242
3 424424424442444444
3 242222442222242444
4
3 244442244442224422
2 444400340040040340
3 242242222224442242
1 992922922222299299
3 244422424222422442
3 422244244424244444
2 448884844848448888
3 242444224244422222
3 242224442424424222
3 242444442422222444
4
3 224422224422424444
2 888848488448484848
1 292229999299999992
4
3 424242442444244224
3 442424444422242424
1 229222222922222222
3 422242222224222444
1 299992929999299299
2 884444844844444448
3 222442424244424242
3 222244444424244422
3 424244442444424222
3 222244442422444244
3 422242224444424242
3 222442222224222424
3 242442442444444442
4
2 444484844488448444
1 922922229922992292
4
2 888444448844444488
2 444844888888888888
4
1 992999922999992229
3 222224224244222422
2 888488488888444844
3 244442244222244242
3 244424222424422444
4
3 242422442442424442
1 992999299299922929
4
3 242444444224442244
1 229229922929222299
2 484488488848444488
4
2 444848488448888848
3 242244224224424444
3 244244442424424442
3 442242242444244424
2 888448848888488448
4
2 488484488444484884
4
3 244224244442444442
4
3 244424422422224222
2 448444484844844488
3 222444422224444244
4
4
3 244244224424444444
1 229922929992229229
2 484484844884848488
3 442222444244222424
3 422424224424224422
3 288999592288888295
4
1 222922992292929999
3 928298598999889258
3 529929928828892298
3 892858989982889995
1 992922222229992922
2 448448448884888484
3 289522528259959259
2 884488844488448448
3 598992595522829998
3 888889988928889225
4
4
3 895298592585292288
3 828989592889992282
2 888448448484488484
4
4
4
3 285288585998525822
3 295522525855992595
3 228859552959252988
2 488884848888488448
1 922222922299292299
1 222299222222929992
3 225959829252929592
4
4
4
3 252995989928589859
2 448488888884448888
2 448888848888484484
3 925259589982988228
1 229292922999992222
2 488444484488888444
4
4
3 898898585885529898
1 656555665655555565
1 665656556565565665
2 122889121121122822
1 655656656665655556
2 999912811198282199
4
2 299212199299918112
1 656656655655656666
3 982858995988225822
3 289888589588289228
2 882982922828192812
1 655556566655566556
2 192192899289821892
3 229259829892559999
4
2 991991811828812829
4
3 558222225225522589
2 921921892919822282
3 999928522999598282
3 558595299859292599
3 955959228295299252
3 288992888529899529
1 656555656656556566
1 555555656566655566
2 112881981929812829
3 589299252228299582
3 825899589555882995
2 989892229282981282
1 555655556655565566
3 982229298825529998
4
1 666555666555656555
1 656556556665566556
1 666666666566655566
2 991188218999922199
2 891821822181198928
4
4
4
1 556655565566666665
3 982552529592852995
3 229998589899259222
4
2 282291892812129219
1 666555556666656656
3 855589598552552585
3 525585959588885892
3 898995885229855298
2 891112922912121981
1 555665566656666656
2 988912912191199291
4
3 255228295925825559
2 982281219289299829
3 285852992228292898
2 988819289891998891
3 289522985598225959
3 829255559885925295
3 925985525222598282
1 665565665666555666
1 566556656565656655
2 829111989821989111
2 122819998121192182
3 289929955282288852
4
4
4
3 955959998822895258
1 666665656565566665
2 282111211198919111
4
2 298218829212921212
1 665565555565666666
3 255599885855852298
2 155158585844185415
3 497177991141714971
2 185851144418111484
1 655666665655656655
4
3 919174917444119414
4
4
4
3 199117419471149941
3 974171974777194719
3 941749911419147797
2 141481541145855515
3 441119177719177741
1 556565656555656655
3 779497141149197441
3 774744111911917444
3 119749141777979479
2 111551518444854855
2 551544551114558818
2 544884415154451841
3 411977174979114491
1 336633336633363636
4
3 177999149491717491
4
3 744991177149941719
1 333363663336633336
3 719179994117441417
1 363366663636663336
3 499111197114119749
3 717949974194797797
1 366666666666636663
1 666666666636366633
3 947779711449499191
3 174147749441197197
2 884888448514818544
4
3 797794979477114997
3 974499744197994997
2 111581154848481458
3 119979179177749714
2 444851115815115544
1 633636333663333666
3 971474499471149197
3 491199117197947977
2 545848145445518144
1 336633363666633366
4
3 991914479411711474
3 777149914474494744
4
1 636636666363663663
2 854151444558451855
4
1 366363333663633666
1 366636636366666636
1 633363636366333333
1 633636363633666363
1 636366636366636366
3 417714149979999119
4
3 474417991944979171
4
1 336333336336636363
3 199497791197141914
3 974911711144917494
4
2 114158588184448411
1 333663366663636666
3 741119419414474717
4
1 666663333633363633
3 149777119949977447
4
4
3 944991749177799749
3 491144797919117147
4
2 814448845485444544
4
4
3 191911717199911191
3 147479177444499479
1 636366633336336363
2 418855844588554181
1 633333366333633663
3 711747777474774174
1 363336636633333366
1 666336336336366366
2 885111455581541551
2 588148818584181885
3 179149949979999974
1 779799977797779799
3 779974417994991747
1 799997779799777777
4
3 774777479711747414
3 744497779991779971
2 811184488541515841
3 999447444791174144
4
3 199999111119919999
4
4
3 999119199119119911
2 811518115511551181
2 184145451814841855
1 977979977977799799
1 797999777779979997
3 119999919999111919
1 777779797977799777
3 919919919999199199
3 991919111191991991
3 191911199991911119
3 119999911991991199
3 911119991119919911
3 999191999111111111
1 779799797797799797
3 119119919119999919
3 999999111191191199
3 991191919911199191
3 191999199919111911
3 119911999919991999
3 991119991119999919
4
1 779997977779999977
2 854414855541858848
4
3 991119919999919111
3 911199991119191199
2 229955259292222292
4
1 997799777777999977
3 911111119191911191
3 119111919991119199
3 991991919919191111
1 979777799797999779
4
4
3 111999911191191199
1 799799799997979799
1 979779799799979997
2 929922252295999592
3 111999199199111919
3 199999911911999999
4
1 799779997999777999
3 919119991199911191
3 911199199991191191
2 595992555295259929
3 119119111911911919
3 199191999919119911
3 111919919919199111
2 995922525955229529
3 191991991911991119
4
3 111999919191911911
4
4
3 911191911111999119
1 979777999779799799
3 911991199111911119
2 952599552529222299
4
1 797997999977979997
3 191911999119199991
2 529992995992559252
1 999977799797977799
3 999999191999919911
3 191191999911999191
3 111999991191919999
1 779799779979777999
2 955259292952259999
1 999979777979779997
2 552922522925252222
2 929295292595529599
3 919911199911199199
3 119191919191919119
2 925525952999229922
1 799797799777777779
3 911199919191911111
1 797779979999997999
2 225529925995252959
1 979999779797797779
4
1 993993393339333339
3 911991911919911119
1 393333393999333399
1 939933333399939399
3 666066625606660205
1 993999393933399993
3 600666662225256260
1 933339339999993399
2 222259959555255995
2 922922959299522292
3 062060622606226620
3 066250060265000602
3 200622620650056552
4
4
3 562555605052266225
4
3 625222606250026222
1 999399933999999339
3 066626605256066522
3 666562555062025205
3 252520500525556050
4
3 562605002560002605
1 993993993399399939
1 333333939339933333
4
3 660662022000256062
3 625052026650555225
3 226065656022502060
3 202650055222500625
4
3 020666260505502020
3 606562552626600562
1 933399993399333939
3 500600556206602056
2 999292252229592299
4
4
2 922222525525525225
3 602625055552052200
4
4
3 560660262666665056
1 933939933339999393
1 393999939399393933
3 655650525526566056
2 999529525952929999
4
3 026600022555002605
3 220656665252552052
1 339399333939339933
1 339333933939993399
3 002565066605026065
1 393339933333939993
2 995929929959525552
3 222500606660222200
3 056600556000565655
3 522500252250205605
1 933933999999393933
3 560566052256222565
3 000600525626022665
3 005065622256606222
4
1 999393939393933339
3 660022050650555666
1 333393399993393993
1 393999399993339999
4
1 933939339993339333
3 006655665050000600
4
3 022526626055520500
2 929959299299255522
3 656556665260606025
1 933993393393933939
3 052050505226626652
2 555999992952952555
3 652006255022222505
4
4
3 600606500620665265
3 056522206225222265
3 206062000006500260
2 255259599995552529
3 625200562566066552
