1000
1 727727727777722272
1 727772227277772272
4
4
2 631161136136613361
3 000808808000008800
3 060666060600006606
4
1 722772222777222277
3 808800880080008008
1 772722222772277722
3 202020200202000220
4
3 800888888080088000
3 722272227722722777
3 020200000002002220
1 722272227722722777
2 166661136663113661
2 313161333333613113
3 222121221112112122
4
1 722772227272272227
3 000006660600600066
3 111111311111131111
3 880008000008888880
4
1 727772777727727272
3 600666066666606600
3 113111313131133131
4
3 080808008808880080
3 880080800080888880
4
4
1 272222777277772227
4
4
3 222222222022222202
4
2 311366313133313363
1 777272722777722277
2 316636131116133661
3 080888800808008808
1 727272772722772222
1 772777777277727772
3 755555777755577775
1 777777272722722777
4
2 166631161611331663
1 777227722727777222
3 888008088888800080
3 000808088888088008
3 008800888888808088
3 111151551555151511
4
3 772777777277727772
3 313313113331313111
3 335553553335555555
1 272222777227227772
3 000808008088080800
1 222727277222272272
4
3 722272227722722777
3 888008800008000008
4
4
2 611611113136611161
4
3 808080808088808800
3 066000006666600660
3 533335333533353533
3 000880008880008880
3 222122122212111111
1 227777777772227277
3 666666444446666666
3 555555533553533335
3 202202022002222200
1 222222222772277722
1 772727272272722272
1 272727222777277727
4
3 000888088880888880
3 808008808800088888
3 880008080800008808
3 222727277222272272
1 272727777727727772
3 200026002026002022
4
3 008080088800888800
2 163313316116611616
4
1 880888000080808808
1 080880808808888880
2 161613313331366166
2 313611663113633666
3 060206266662222266
3 555555533553533335
3 600006660006600060
2 611361163311636133
4
2 116313636616136161
3 575577557575755775
3 062202622606660006
1 088008008088080808
3 062666662200226060
2 111633166336131636
4
4
3 222022602206620266
3 600206202660066622
3 111151511555515551
1 888000800000800808
1 008800080888800088
3 600006600060206026
1 880088088008800888
3 666020666620002060
3 535535335335555535
4
2 366331136316611361
1 000008080088088800
3 553333533335333335
4
4
2 133316616111633361
3 002060006006206206
4
3 113113333113111111
2 166631361331316333
3 026200066602026606
2 666363663661633661
4
3 066000606660060066
1 000080808808808088
3 026200666660020026
1 008000888008088808
2 316661361161131613
3 606600666666262060
1 800080800088888808
3 551511515551111115
3 446664464646666446
2 166363136361361113
1 888080800800888888
4
1 008800080808000088
3 755775777557557775
2 116163111666611161
2 005500005050550055
3 331331113113131333
4
3 777757557775555755
3 757555557555577577
2 555555055550000555
3 002000620202020600
1 888000080888888000
3 212212111212211112
3 008000888008088808
1 000808808000008800
3 000022220000002002
4
2 550505555500555500
2 505500005555000000
1 008800000088800088
2 050500050505505555
4
3 008080088800888800
3 131313111113333313
3 555557575557755575
2 055550055055500550
3 220000200220002022
4
2 055505055000555555
3 535333535353555535
4
1 008800080000000880
2 500505055055005005
1 008080088800888800
2 005050050500055500
1 880880808800808088
1 080000080880008080
1 880088800000800800
4
3 222000200020000200
3 066660606000000606
3 515155151155555155
4
3 008800080808000088
3 778887778777787887
1 555511151115555555
1 511515151551115511
3 787787878888887777
4
3 887787888877887778
3 722272227722722777
3 335333353353553333
2 500005505500555050
3 722772227272272227
2 500005555550550000
2 000500505550055005
2 055555055550505555
4
1 551511515551111115
3 111131111333133311
3 551511515551111115
1 515155151155555155
3 466644444446466464
1 111151511555515551
1 511151111155155511
3 221112212212222221
1 155155115155515511
3 112221212111121212
4
4
3 446664464646666446
2 505055550555005505
3 000008080088088800
3 778777877878888888
4
4
2 555505505550055005
1 151551511555115111
3 006060606000660000
1 551111111151555111
2 550505555000050505
3 877887778788778888
4
1 111151551555151511
1 151555155515511555
2 050550555555000050
3 113111313131133131
3 113113333113111111
3 111151511555515551
3 877877787887878887
4
3 575577557575755775
2 550555550000505555
3 878887788787777787
1 555555151555151151
3 551551155511111111
3 446664464646666446
4
1 115155111155151151
3 777778887878887878
1 151155515115151551
1 115551551555115155
4
4
1 551551155511111111
1 551115111115551115
1 155111555115151151
3 777888787777887788
1 111151515515551111
2 000000005050000055
3 008800080808000088
3 355555335555535333
4
1 111555555515511551
3 553333533335333335
1 212212221111111121
4
3 000600660666666600
3 788887778877887877
3 788787878878888888
1 222211211121121122
4
3 878878888877787887
4
2 055005055550500500
4
3 772722222772277722
3 777788888887787778
4
4
2 906600009996696090
1 222121221112112122
3 113111311113313131
3 664444444466644444
3 111555555515511551
3 555555533553533335
3 778777878878787888
3 424200007047400240
4
1 112221212111121212
2 096600606006696969
2 990960996609660090
1 211222222222222221
3 080000080880008080
3 066066606660066606
2 696966669600990906
3 042477477740077070
4
1 122222112122211221
3 333133133331311333
3 555533353553335555
3 227702777022247047
4
1 111111222121212111
3 757555557555577577
1 222121121111212122
3 313131331133133331
1 221112212212222221
4
1 122122111221111112
1 221211122212221121
3 333133133331311333
2 960090990066660090
4
2 066999906996099699
2 696609069699906096
3 111555555515511551
3 555511151115555555
1 212212111212211112
2 669699000999069069
1 122122111211211222
3 112221212111121212
3 122112111221111222
3 047000742720422774
1 211122211222212121
2 999960090699906996
3 447704072204727402
3 113131311131331133
4
3 700222707740004744
4
1 211112122212221211
3 222704024470204400
3 474404240727707042
3 400047224004747720
1 111212121112111112
1 121221211212122121
4
2 609666660069699009
3 442204742702004747
4
2 669096960696906900
4
3 600006606660066000
3 557575575755575577
2 660900099660699609
2 600000006966696696
2 666666606096696966
3 407042744244440774
3 222727277222272272
1 122112111221111222
3 277202204022244722
4
3 204727442444742742
4
1 211221222122111111
1 222122122212111111
2 006060690600000660
4
1 220000200220002022
2 909099969060966066
2 699690990906669690
2 066066090060999960
3 131331311331313111
1 002000002022220002
3 224022777420044400
3 080000080880008080
2 909909006090069000
3 066666060606006060
1 202000002000000200
1 202022200002022222
3 008800000088800088
3 066000606660060066
3 020000220020002000
2 099000990099069660
3 477727220220470000
3 472424277022727204
4
1 020000220020002000
3 272222777277772227
1 022020222022002000
1 222020202222222000
1 222222220222220022
1 022000000202002220
3 222020202222222000
3 008800080808000088
4
1 222222222022222202
1 000002222222020000
3 000220028028880208
1 000022220000002002
3 008800000088800088
2 150091919505091599
2 905511059900100900
3 113111313131133131
4
1 022200022200220220
3 220880220208082820
4
4
3 028800800220888288
2 151959919191005511
4
4
2 090510009155900951
2 591099150911111051
3 533355533555333553
4
4
1 020200000002002220
3 222000200020000200
1 002022020202020220
4
2 911015055599190000
3 080280822220220020
2 095995051500919005
2 551051510019110555
1 202202022002222200
4
2 199999099991951959
4
3 446664464646666446
3 880088800000800800
1 202020200202000220
4
4
2 950010151000051115
4
3 082022008882880200
3 022222822280020880
2 550119590500590999
3 311331333331113133
4
3 272727777727727772
2 001959919505591155
3 802000088888822820
2 105901090110119055
4
3 777777272722722777
2 990150919110091019
2 551095111995051111
4
1 222000200020000200
2 950159595910110111
3 535333535353555535
4
4
4
2 910109000105990001
3 755555777755577775
2 505990010101995010
1 222022022022000200
2 551505099010005955
3 555533353553335555
2 019591501109091590
1 002220202000000222
4
4
2 483438343388344333
3 222211211121121122
2 433433834444338848
2 488388838434888444
3 664664666666464444
3 002002288288888888
3 313131331133133331
3 664444444466644444
1 466644444446466464
2 844438483388884888
4
3 600006660006600060
3 802822022280080088
3 222828000082080822
3 222020202222222000
4
2 384883388483833334
4
2 438843484838843843
2 888344448884834843
2 383348383883348483
4
4
4
4
1 664664666666464444
3 151155515115151551
4
4
3 727727727777722272
3 772777777277727772
4
3 028082000820282080
2 844888483338448484
3 080880808808888880
3 088822282802888800
2 483348848843488883
1 466466664666664466
3 353553353533553555
3 028280822002200820
3 000600660666666600
3 000006660600600066
1 646444666646666644
4
1 646466664666644444
2 384888333883448488
1 446664464646666446
1 446664466646466446
3 080028820288002200
2 333834338448434388
3 008080008002220208
1 664664446446444646
3 555505005550055550
4
3 550005555505500505
1 666466446666664446
3 000005555500055500
4
2 448483843833448388
2 884848434384888838
1 444444466666444666
4
2 834488438488333843
2 338848833348883434
4
3 505555055050005555
4
1 646444646646664646
3 505550505055555550
1 666664466444446444
3 050050500550005500
4
3 000550555505055555
2 483384384884333344
1 644464666466664466
1 466644466646644664
4
2 344448434488334483
2 388488384888344333
2 388443443448484448
3 550055050505050505
4
2 100011114100111040
3 050555055550505055
1 644666646664664666
2 400410414141014100
4
3 005550050555500050
3 555555500505555005
3 055550050505000000
3 005005505555550500
4
3 005000050000055005
3 055500505005000005
3 050005555000005050
2 441440010144010411
3 050555500550005005
3 000500505005555555
4
4
2 100444410144404014
3 000550555055050555
3 505000050555055050
4
1 664444444466644444
1 664444444446464464
4
3 550500005505000555
1 664466664466466664
1 666646466446666666
2 440414004444111001
2 010410410411414004
4
3 550000000005500055
4
2 000414014440411010
3 500005555055000550
4
1 666666444446666666
4
2 411140101011100111
3 000550555050000000
3 555005505555555000
2 401440114140401110
3 505550005000050505
1 313131331133133331
2 041140000141011140
1 113131311131331133
2 414011144140110401
4
3 055500505550505055
3 055555550055500050
1 333311333111131111
3 005500005050055000
3 050555505000500055
2 410011101410400114
4
3 055555005505005555
3 050505005005505550
3 550055005050505050
1 113111313131133131
3 050550555505555000
3 005000555555500550
2 411044014040010444
3 555550055500555550
3 550505500000555500
2 014014400440140011
1 111331313333133311
1 311113313133333111
4
3 505505000050055550
2 110441000141110101
3 500500005550555500
1 311331333331113133
1 111111311111131111
2 144010404110044414
2 014110111000410401
3 050505000005000550
4
2 100411100114101004
4
3 777707077070770777
1 131133311131131313
3 700770707707000777
2 011110044440044004
3 777770777070007700
2 441404010440404411
4
3 707077770700077707
2 422428348228883344
4
2 224422442433442384
3 007000700770770077
3 007777007070077000
1 331331113113131333
2 383333223283883232
1 131331311331313111
1 131313111113333313
2 322844388422234322
3 770700777000000777
1 133131131331311131
4
2 834288383332424288
1 113113333113111111
1 333313113311333133
3 000777770070070007
3 007077707700007000
4
1 131133333313331331
3 000077770700007070
4
4
1 113111311113313131
3 007077777070777007
4
3 777777770070077707
3 070000070070777070
4
4
3 077077070077007770
3 707077070070077770
1 333133133331311333
2 844288822438442282
1 111131111333133311
3 007077070770770000
3 070000700777000070
1 313313113331313111
1 353553353533553555
2 432288423888443434
3 000777007070777000
1 553333533335333335
1 555533353553335555
3 770077077007707707
2 332844243382488844
2 382222323482248342
2 238433428222888833
4
1 535535335335555535
2 432223228844824332
3 070707007070077700
2 344323828322438232
4
4
4
1 335333353353553333
2 382443423842238348
3 077707777077700770
1 355555533353553333
1 533335333533353533
3 000707777777770700
4
2 828328324343444883
3 707707707000000707
1 535353535355335533
4
3 707007777077000777
1 533355533555333553
2 344428833848848433
1 335335333355355335
4
3 707000007777000077
2 888488834432344222
1 535333535353555535
2 228828838484244843
2 382888238224488483
3 000077070707070007
2 388822833343424424
3 707077070070770070
3 007000000770700700
3 000000700770077770
3 700700770777000707
4
3 007077700077707007
4
3 070070000700077707
4
3 700000000070007070
1 355333333535533335
2 883334283238388323
4
3 070077077077070770
4
3 070700777077700777
1 535533555553533533
2 858859899555555599
1 553555353333353335
1 333333335353353533
2 588859998585985558
4
1 555555533553533335
4
3 077077707700770077
3 777077770007007777
3 700770077070007707
4
1 533335353535535535
3 000007007070070700
2 999955598955985859
3 777700777000070007
3 222662666226666662
2 588889559998955585
2 855585559595558595
4
3 226266626626622662
3 266622262666222662
2 999598559995855559
3 266266662266222222
2 955989585959585595
3 266622666262622626
4
1 335553553335555555
1 355555335555535333
1 533535355335535333
4
1 000600660666666600
4
1 066660606000000606
3 266262666666666262
3 662662666222222666
3 666222262262262662
3 622626666262626622
3 226666222666662226
3 262662666262266266
1 006006060006060606
4
2 588899998859858559
2 985955985999959559
3 626626222262622226
2 558885988558885988
3 622662226626666622
4
3 662666622622666266
1 000006660600600066
2 995895955559899895
3 226626266622662626
1 000060600000066606
3 226622266662622226
2 999558559585958895
3 622262222666222662
1 660066660660006006
4
3 666666226226226262
3 226266226226622626
1 006060606000660000
1 600006660006600060
2 999955598559885898
2 995895955595889898
3 662262222262662626
2 585585895599888599
4
1 600006606660066000
1 060666060600006606
4
4
2 558899885885958589
3 222222222622226226
4
3 626222226222622662
3 662226622222662222
1 606666660660060060
2 999595959599888895
4
3 622666626666662262
1 066000606660060066
1 066000006666600660
4
1 000660666000666060
3 266662666262626666
2 598959955555859585
4
4
2 559855855989899858
3 666622662622662662
3 266226226622626662
4
4
2 955889998885858988
4
3 262622262666222262
2 666656656666666666
3 626262626226666262
4
3 662262666626622262
4
3 662262662262222266
4
2 655656556665665556
4
3 266222626262626622
3 626622662226266262
4
3 262622662266262266
3 622666226266226262
4
2 565656665665666556
1 600666066060060066
2 656666566665556566
2 655655666666556555
3 262266662626622662
3 626266262662226622
3 222666626266626266
1 600666066666606600
3 262266222266266662
1 066666060606006060
3 266622622266226226
4
3 998989788799889797
4
3 889877799877987889
3 788799897888897888
2 556666666565655656
3 789778989987799888
2 655655655566566556
2 655665555566666665
4
3 877797998889999789
2 655556656566566656
1 066066606660066606
2 656556665556555655
3 979897799879997887
3 997777888898878878
4
3 797999799988998879
4
2 666666666656556556
3 988787798887998989
3 899889799799797978
2 565655556655665566
3 987879877887797899
3 977897998879977787
3 777789797898887789
3 779797898787889877
4
3 797989778889788778
3 778889978877999879
4
3 787797879797998787
4
3 997789977789888787
4
4
3 789777878977798977
3 977888978977987977
3 788988877798978978
3 789797788798787987
3 998887789798997798
3 788879999997999897
2 656565555566565556
3 897989797998987789
4
3 899787787998897989
2 666566656566566665
2 666556666555555665
4
4
4
1 066600066066006666
3 989888987777789777
2 665556666655666655
2 565666656566665655
3 888798978777979779
1 006066066666666066
2 556555555666566556
4
2 655556556555555666
3 797878888887888787
3 997989787898789888
3 789788878789978899
1 575577557575755775
3 978897987997877998
3 789787998989787877
3 978987789999989999
4
2 555566555566656656
1 557575575755575577
1 557777777575575577
1 777755575557757755
3 888788787878778798
1 755755757775757777
3 989898778789898777
4
3 887799789799799779
2 577575057505570505
2 705775550050705075
2 007755057555500757
3 777789777799788977
2 570505077777575005
3 978987778888788779
1 575757757755775557
4
4
3 978899878879789997
3 222200022202200020
3 022202020022000222
3 022200022220222202
3 222002000202200022
3 222200220202022200
4
3 000222202222020220
3 020202220200202222
3 020020022222202002
1 755775777777555575
2 077757070050075505
3 202200200022222000
3 200200202002222002
2 005077050005550500
3 000002220202200022
3 202202222202222222
3 200022222222002222
2 500775000707700057
3 200022022000020000
3 020202202200220020
3 000222200002022002
1 775555777575775757
1 555575577777755575
2 575700007000705070
3 022000000200222202
1 755575775777557577
3 222022200222022220
3 200222002202022020
1 555557555557755755
1 757555557555577577
1 575557777557555555
3 222202020000000000
3 200000022020200200
3 000020020222022220
3 222220200202002222
2 757575055557007707
2 550057550555070077
3 202200220000022200
1 755775777557557775
3 000202202002200002
2 775750555705557755
3 222022202220220200
2 077057700050500757
1 755555777755577775
3 020002220222202222
4
3 002222200202200020
3 000000022000222020
3 022222000202222222
2 775700005707070557
1 777757557775555755
2 070705550070707770
4
3 200020022200202200
1 775757557757575557
2 007775507555707755
4
1 577757777775555775
3 200222002200022220
4
1 775555555557775557
2 557770707007505707
4
4
2 570750757570050057
3 000020022020202022
3 222000220220002002
2 705555057707000570
2 057570700005750070
3 022002002202222020
2 005057057500077750
1 555557575557755575
3 220222000022020220
3 202222020222002202
3 020202202020220200
3 202200222222022000
3 002002022000220022
4
