1000
1 553553335535553333
2 868888688888656866
4
4
4
3 505550500505500500
1 333335553353533333
3 393393999999999399
1 353555553335333355
1 553533355333333555
3 212112112222122121
3 533335535353355533
3 677677676776666767
2 886656658858858855
1 353553535553333555
4
4
3 999939933993333933
1 533355333353533533
1 553333555333333553
1 553535553533335555
3 515115151551111515
4
3 111121221122112112
2 585588886855585588
1 333533335553533335
4
2 688856686885688656
2 686585685865655668
4
1 553355353553553553
3 000009000009009099
3 339333939333999339
3 444444464666666464
2 668566566686565655
4
2 566585868655555568
2 688686556685566566
4
3 339333933993933999
2 858855886555566866
3 393939399399333939
3 939339993939339393
3 776666776776667666
3 933333339339999993
3 399393933399939393
2 858665565588566858
2 556566866866586568
3 000990090099999009
3 889899989999999988
3 933339333339339393
3 333993339939333993
2 558865555585866555
4
1 535353355335553553
3 909900090909900900
2 655558565568886668
3 333933993399339393
1 333535535353335355
1 535535555335555333
3 933393333333933933
2 688568668888686588
3 939933939933939339
3 399999939939333393
3 993333399393399939
1 353335355353555333
4
3 993999999339999993
3 212112211121221211
3 993393339393993939
3 767667666776676776
4
1 333355535555535533
3 933393339999993333
3 550505005555500005
1 355335535335333335
4
3 464446646446646644
2 656855685686586556
3 767667666776676776
2 865855656658565668
1 555553535555333555
1 333355335353333535
1 533335535353355533
2 868666565656686856
1 535333353553355335
3 393333339933999393
3 535333353553355335
3 500055000555055005
3 676667767666676776
4
4
2 856888668858858668
2 655656586686886666
3 767667666776676776
1 777666666767676776
3 515151515115155115
3 666666444644646664
1 667677676666766766
4
4
4
4
1 666766777667767777
3 444444464666666464
4
4
3 881887733187718371
4
3 133131113181171133
3 155515115551551515
4
4
1 776666776776667666
4
2 888565556586668688
2 888866866688886688
3 881817887738787313
2 686688886688686668
3 669666696666969699
2 668686866666666688
2 868866688866666868
3 646446644644664664
2 868688886866888886
4
3 969696969696669669
2 866688888886666688
4
3 817313187717833813
1 777676767776766667
3 831778311833183817
4
3 666666669696966699
3 731188313177187383
3 888998898988999899
1 677677676776666767
3 669699696666966696
4
3 666766777667767777
2 886688868668666886
4
3 717711871713371318
3 005050500555005005
4
3 000090090900999990
1 667767777777666767
3 535535555335555333
2 888868866866686868
2 666868886668866686
4
1 767667666776676776
1 667766666776666777
2 866666666888688666
4
2 668668668666686686
2 866666668688866866
2 668686886686666666
3 115551551555515155
3 713311717773318783
3 669666696666969699
4
3 771338838133831338
3 155515115551551515
2 686686888688868868
3 773317773171311111
2 686686866666888888
3 646446644644664664
2 886866686886888686
3 677677676776666767
1 667777776766766666
1 777777777676667677
3 317371771888737838
1 766667776766767767
4
3 718777133837831338
4
4
3 644466644466646466
2 886868868868666888
1 777666767776766666
4
3 699696969999969669
3 888998988989988998
1 676667767666676776
3 646446644644664664
1 776677677776677777
3 731881873787183733
1 677666666777676766
3 187788113777788177
3 505550500505500500
3 990000909990990900
2 886688866666868866
1 776766776667767777
3 677666666777676766
3 599559599999595995
3 555555599959599999
4
2 868886668686886868
3 505550500505500500
3 466664446646464646
2 886666668866668686
3 535535555335555333
2 227272772772272722
2 222722772772722227
3 999900009099909909
2 722222222272772277
2 772727272272222722
1 777677767776777676
3 555515511555551555
1 677777676677677667
3 999009000909000900
4
3 644466464646446446
4
2 772777277777227727
2 722722272777722722
2 772227222727727772
3 777666666767676776
1 766777667766776676
3 333335553353533333
3 999555955995595995
3 333355335353333535
3 666600660066000006
3 000000606000000006
4
4
3 211222221112221111
1 155155115551511515
3 122122121212111221
3 559999595995955599
1 515151515115155115
2 722272227272722727
2 722777222222722777
4
1 115555155555151511
4
4
3 959959555955959599
3 955555999559595959
4
1 511515151551111155
1 551515155111515515
2 777772277272227227
2 727722277777222222
4
2 722272722277227277
3 505550550005500050
3 909900090909900900
2 277277272727772722
2 227772222727727777
2 227772227277227722
3 955959995555999559
3 995959999955995995
2 222222772727277722
1 155515115551551515
4
3 959955955999995555
3 555599555599999959
4
3 595959595999999959
1 115551551555515155
3 355335535335333335
1 111155511511511551
3 677777676677677667
1 155515511515111555
1 111151115111111155
3 966666666969999996
1 155115511515155551
2 227227722777772722
4
4
4
3 969696969696669669
4
4
4
4
1 151155511511515155
4
2 777227777772722227
2 722722272777722227
1 555515555555151551
1 111151111111111515
3 555599599599599955
3 333535535353335355
3 009990999990990000
4
3 111112122121122222
3 990990900090909900
1 551515111515151151
3 066606606060600066
1 151151151155515155
2 227272272722722777
1 555515511555551555
3 999999555595959595
3 505000500005500500
4
1 555151151551515151
2 226442642626642424
4
4
4
1 515515151111111555
1 515115151551111515
3 777666767776766666
3 777772247727427222
3 553535553533335555
4
1 990000909990990900
3 222772777242724227
3 000090090900999990
4
3 727224747427724747
4
2 466624626426646246
3 466646664664644446
1 090909990009900000
3 000090090900999990
3 111155511511511551
3 155115511515155551
4
2 464664642466422222
1 000090090900999990
1 999009000909000900
2 242242622626426446
1 000990090099999009
4
4
4
3 909099090009000900
3 005550500050550000
2 222646224642266244
3 722424777774724442
4
3 424724222727244447
3 427272242224247772
2 646242644666622262
3 222774724477244777
2 264226666622266644
3 777676767776766667
3 353335355353555333
2 444466266662264664
3 777424727422222722
2 662466666224246442
2 266664626266442242
3 766777667766776676
3 666066060666660660
4
1 990990900090909900
4
4
3 777777777676667677
2 466422662246226244
4
1 090900099090090090
3 111151115111111155
1 990909090990000090
4
4
2 626226464622662644
2 222664442264226446
4
3 776666776776667666
4
3 776666776776667666
3 889898989989889999
3 427272277224747777
3 050050505555550555
3 422274477447227472
2 624224622666466624
3 424777474274244442
3 888998898988999899
1 909099090009000900
3 090909990009900000
1 090990009009000090
1 000009000009009099
1 000000000000099099
4
3 274722424472427272
2 464222426246242646
3 427442477477727442
3 353335355353555333
3 555151151551515151
3 353553535553333555
2 642462246424262422
1 999900009099909909
4
1 099999909900009000
1 909900090909900900
1 090009000009000999
4
4
2 424626422644264624
1 090990990099990999
3 000050555005505005
2 644466644626264442
2 466262242662624262
4
2 622644424662264664
3 066006066606600666
4
2 878188111770117081
3 427474222727222447
4
3 066006660666066600
4
2 081077188070011707
2 100788178810811777
3 966966966969669966
1 099999009000009909
1 900900990090000009
3 888998898988999899
1 009990999990990000
3 699969996666699969
2 100070107108087711
1 666000006600660060
1 060600600066060660
3 003170130377033111
3 055500550555500500
3 533335535353355533
2 870188117881710780
4
3 373033077107011713
1 666600660006060006
4
4
4
3 600000066606666000
3 909900090909900900
3 889898989989889999
3 666060066006666006
3 666066060666660660
3 003710777001330073
1 600060060666000666
2 818088777087088880
4
1 600066666006060066
3 331701173007010177
3 515115151551111515
3 644466464646446446
3 170770137371770017
2 870880808780701801
2 117878077770007008
3 777666666767676776
3 773000770733010700
3 773371700137373037
4
1 066006066606600666
3 505550550005500050
4
3 505000500005500500
4
2 700187810888711718
3 066006066606600666
3 898899889989999988
1 606666060660066606
4
3 988999898989999999
3 444446644464444444
2 107870118781777088
3 646446644644664664
4
1 660660666666600000
1 600000066606666000
3 031737330037137337
3 133701731131713303
3 990990900090909900
1 066006660666066600
4
2 110787871017880118
1 066660006006666606
2 011811177107078818
2 700817000810088770
3 060600600066060660
3 377370777003717733
4
3 370037771103700073
2 887018787880187188
4
3 212112211121221211
1 606066000060060060
1 666066060666660660
3 170171033131301137
4
4
4
3 550000055500500555
1 666060066006666006
4
4
2 177000771771777801
3 355335535335333335
4
3 770707113103010130
2 181707188711881711
2 700080770801810080
3 111112122121122222
3 066006066606600666
3 696677767797667667
1 066606606060600066
3 767979799976776676
1 660600006660066060
3 666767767677967696
2 111878081888117887
4
3 999976776796767967
4
2 870011778071710117
4
2 870770011170708818
3 679677996696777977
4
3 677696796767969776
4
3 797996797979677976
3 966677766766776679
3 666796666769797766
3 797999799777966679
1 000000606000000006
4
3 977967999796966967
3 969696796679769997
3 997979767779969679
4
1 606066606660606606
3 696676996797767969
3 967697769977967977
2 747774334347434474
2 347433744443737443
3 766767799667766999
1 666600660066000006
1 006060000600000660
3 667676776776799799
3 796779996669797679
2 377434333737443777
3 679777966677967767
2 344747447333443744
1 966666666969999996
4
2 473334377344474477
3 777697699766697967
3 967996696677676677
3 669979999977669999
2 733377337443433374
3 997669666677766766
2 477474374377337333
2 477733437334733777
3 969796999769666676
4
3 997697799776767997
3 969777776669666796
2 334337477377733444
3 977797666999996979
4
3 697977766979799966
3 699977777799767676
2 777447373737773373
3 776699979796997997
2 334433437333773443
2 344737433337377473
4
3 666697967799969777
2 737474374474444777
1 996696969696696669
3 667697996696999797
1 699969996666699969
1 669696669696999969
3 676769697777669997
4
4
1 966669696999969696
3 697679969977697797
3 977966799669996666
3 797796779667777676
3 676699799966699769
1 699696969999969669
3 976797669667767667
1 669666696666969699
3 979779999977767769
2 737433433377377437
3 999777967977799679
1 969669666966666669
3 727022278702072227
4
4
1 669699696666966696
3 728708088207700288
4
1 966966966969669966
4
3 787877878028222227
3 202020070722780280
3 028788807780770287
2 333433343373474747
1 966996666696666966
3 288780020778872022
1 999696699666669669
2 377733334377374737
1 969696969696669669
3 877088080027702780
4
2 474474377773734347
1 666969966969696996
3 207022072872700228
4
3 728878082077270087
1 696669696999999966
2 737747443377473443
2 734373474443434377
3 778002800700720772
2 474443447734374374
4
4
2 695659555969566755
4
4
1 699666999996669966
3 200087270777200200
3 202887877722002827
1 996996696669699699
4
3 020008808788827780
1 666666669696966699
4
2 597765755766579756
2 555569559999596996
2 757966995957659965
3 822088070207780787
4
2 756756977759675755
2 779956795769996756
2 995659567679655955
2 555577597769595666
3 277708080820070802
3 887802808827787022
4
3 088772808778000822
2 776599767679575796
4
3 227020827800800222
3 287778787777882088
2 766759595779559755
3 022708207877788287
1 996969669699696699
1 666696969999996669
2 799556999569677975
2 795775997756766966
4
4
3 880202787808070088
1 500055000555055005
2 697667767595597557
3 820002227702807282
1 500055050005050000
2 765667579795596667
3 082780278877082800
3 200880020820002822
3 820208282778070008
1 505550550005500050
3 807822072270782088
3 027077277020702202
3 082702020877008820
3 220028870287287820
4
4
2 665567577965555799
4
3 077008082782870878
1 550500555005550505
3 222028280008787802
2 796765596697996997
1 000050555005505005
3 827008777887707828
4
2 656667956577796677
4
3 008082788782270070
3 720720772782077200
1 005550500050550000
1 005050500555005005
3 720072882270282087
1 055500550555500500
1 500505055000555050
3 282282080872827787
3 807072877720078778
1 005055005055555050
1 000005005550550500
4
3 802887278208278207
3 788287078007882700
3 787278278827708027
1 050050505555550555
3 848444886688864464
3 468846666886846688
4
4
3 468664488688848668
3 888464884684848884
1 050505000555505500
3 448666646668886444
4
1 505005050550505500
1 555050505000550050
3 688648646466486448
2 575576695755566666
2 577795969576775659
3 466664666668888868
2 997775999956559557
1 000550500005500555
3 464444844448888448
2 446664004640044606
3 844866446468466666
4
3 484646466664866868
4
3 688646444488848666
4
4
4
3 846488866864644688
2 400440640444000404
3 864848486864646648
2 044466644044060600
2 644000666640406466
2 400644664406046606
3 844444646888448486
3 866884488444848646
4
4
2 440644460040046464
2 060000440666466664
1 505000500005500500
2 644604604044064460
3 648886686688868468
3 888848686666648668
1 550000055500500555
4
4
1 550505005555500005
3 844484688666488664
2 640466044400466000
1 505550500505500500
2 600646666606060644
1 122111111112212122
3 484688646864646648
3 846864464846484488
2 066066400440644066
1 112212112121211122
2 404606666646606406
2 400640644660000060
3 866644684686444848
4
3 448486486464888686
4
4
3 644686648868668868
1 112222121122212111
3 664648488846444688
4
2 606464406446044406
3 844888684688646646
1 111222212212112112
1 211111211221121112
3 664484468464646868
1 112122112221222212
3 468866464648848444
1 212221121222212122
2 604046406664446440
1 211222211212111221
2 040666464464640440
3 648864888648488866
3 684646464484846466
3 866464686466844848
2 060646400040060446
2 466044046464444006
3 668866648668488844
4
1 111222222212212212
2 400000040400600466
3 466464646446688646
4
3 844684464464864486
2 600066400404046666
1 212112211222121222
4
3 484844646444484468
3 468846448846888488
3 886886866866848488
2 343444334343343434
3 866688684648664868
3 864866666468484848
3 644488866664644448
3 446884848646844648
4
3 097970970760966797
2 443444344433443434
3 969670707076909007
2 333344443334434434
1 111112122121122222
2 334333333343444433
1 111111121112222122
2 334333444333433334
3 066909900770767079
1 112212111211122221
3 676906699996700066
1 122122121212111221
1 212112211121221211
3 670777700976660777
1 212112112222122121
3 677700667797609066
3 677067099900907977
3 070606060606000969
4
2 434343443433344344
1 111121221122112112
2 344334333433433334
3 699760797969776067
3 709677706760977776
1 212121122112111122
3 709996909779097666
4
4
1 211222221112221111
3 067969007669707009
3 097006900799070999
3 690677670900606960
4
2 433344434444443433
1 222211221112112211
3 796960670676667906
3 799077096696990779
2 343443434334443343
3 907099769779900769
4
1 988999898989999999
3 776006769099600077
3 670669999609067909
2 444343443443343333
3 960006099777696960
3 090060609760606609
3 996906997097067967
1 889898989989889999
2 343343443343343343
2 333443433433434343
1 988899898999989998
1 998989898998889888
2 444433333343344334
3 997960979790097067
1 888998898988999899
3 797779007096990900
1 888899898899888998
2 433443343333433343
3 070099767976006077
1 989899899989989989
1 998999889888989999
3 770669907006079090
3 790096690766070967
2 334344434343444433
3 669700677699696607
2 433443343433444344
2 434343334334434343
2 433444334343334434
3 097769000970776700
4
3 609076766667060767
3 007796767900767099
4
2 343444444343434343
4
3 967990707060076960
3 779976699076677669
2 433443333333344333
1 898899889989999988
1 899898898898899898
2 844884888448448844
4
4
2 848884444484448848
3 096690907990067677
2 884488848848484884
1 899989899989998899
4
1 988898899888898989
2 488488888844488884
3 007709606699600666
3 700077000799066976
1 899889899989898889
1 988888999888999999
3 679767070769960979
3 000766907997900999
1 999989898899988998
3 606767690690606600
1 888998988989988998
1 888998899988889989
4
1 989898998889889998
4
3 906676767700769977
4
1 999998899989989898
3 746477666774767767
3 644476774644774667
2 448888444448444448
4
4
3 647777467747674777
3 646446646476746447
3 644774676744767674
4
4
4
3 677774667674767476
1 889899989999999988
4
1 646446644644664664
1 464446646446646644
4
3 446667777477474666
1 664466644646446444
3 446676644477646744
1 464646446644444464
3 644767674476647446
1 466646664664644446
3 744647466447466777
3 447766464744476774
4
3 467466746674746444
1 666444444466464666
1 466464446464444464
3 747444774466747776
2 848844444848448888
3 744474767466766744
3 467747777767467644
4
3 647447664777677746
4
3 777644767474474747
4
3 774764464676466674
3 646666676744747777
3 744666677447464667
3 644467764767647746
2 488844844848484848
3 466777764474647466
2 484488884888884848
3 776466664647664674
2 888884848484444848
4
3 777677646664447647
3 777664466464446764
2 448884888488488848
1 444446644464444444
3 444464446446646647
1 666666444644646664
1 446666664644664666
2 484888484888484848
2 484444884444448844
3 747477446747446464
1 644466464646446446
1 646444444644666664
2 444444888844484884
2 888888448448888484
2 888844884844484844
2 484484488884884448
3 464667747747477664
1 464646466646464464
4
4
1 646646444446464444
3 647464464664776477
1 444444464666666464
1 446646446464666444
4
3 674674646744744676
2 884444488848484448
3 477644446476464467
4
1 464444466646464464
3 447644746644647477
1 466664446646464646
4
3 474747646776677647
3 767446777746774767
4
1 664444444444666666
2 484844848484888448
2 844888884848448448
4
4
3 777464466466776664
3 474477677447674477
1 644466644466646466
4
4
4
3 466667746744746774
3 444467766476666746
3 474676477666474466
2 444488848888888884
3 676746646674744746
