1000
1 222111222211112121
4
3 344334343334333334
4
4
4
3 005550505055505005
4
1 121121121121121111
3 891911981119181199
1 111112212222122112
1 112212222112211121
3 933939999393939999
2 551155941115195555
3 595999595555599555
4
3 500500550550050050
1 222222112122111112
3 888855888885585558
3 221212121221112211
1 111221111122121122
1 222221121212212222
2 944549441444959441
2 541119954914499959
3 181899111181989988
2 191451155559954551
4
1 122211211121112212
4
1 221212121221112211
1 122122212222122211
4
2 155444154455519151
3 585585885555888558
2 114144915441919194
4
4
3 334343333334333333
2 141911915119959491
4
4
3 891818198891189981
4
2 191194544541111519
3 881811189918998919
4
4
2 541955141994949155
3 818811819918991988
3 558585555585855858
2 411514194155514149
1 111211221222112122
4
3 888883333883338333
3 848884888488444444
3 444434334333333333
3 222424222242444222
2 914914545949555555
1 112221211221112211
2 145154149595995595
2 995151545919959414
3 888833838888888388
3 181999898119188199
1 122112211212112222
2 995954915411444551
3 838388838883333383
3 555855585858858555
2 455151555491941145
3 555955559559955595
4
3 343343333344344343
4
2 994555954111941494
3 898881119191118819
3 676666777777776766
3 898819988188899818
3 599999959559959555
2 949495114911951491
2 154551954114914549
2 455949955414441549
2 545914491914951541
1 122112111221212222
1 122211121211211221
3 550550500505505055
4
3 811898888198898111
2 105501050005100550
4
3 118988899988998819
4
3 599999959559959555
2 050111500115510500
3 188991819918889989
3 885585588855585558
1 111111211111121221
3 444444224444422424
4
3 999191188819198918
2 051511505101550051
3 918881181911911189
2 111110105015015111
4
3 555855585858858555
3 558858855885585558
3 885585588855585558
3 733333377777373777
1 222211111112221121
2 500110111011500155
1 112222122212212121
3 505550555550555550
3 337333373777777333
1 121112221122211122
4
3 666776766677666667
4
4
3 443333434334343343
3 777773777777733737
4
3 833388338838888833
4
3 111221111122121122
2 501515500555015005
1 122111212221111111
2 500505100151005150
4
3 000550000555555555
1 343434334433344434
3 111211221222112122
3 555885855858858555
3 337773737337737777
2 150510500101115005
4
3 855888888585555858
4
3 959955555995555995
3 733737377737737337
2 110015515510150105
3 833888888333338833
3 337733377377773773
3 333377773777733337
3 333343334443433333
2 001015155100151110
1 444434334333333333
3 599999995595999555
3 050055555555555000
3 337377373377377737
2 015505000051001005
3 121112221122211122
4
3 676666777777776766
3 055555555555500050
2 510510010550001005
4
1 443333434334343343
4
1 343333444434444334
3 373373337337773737
3 222424222242444222
3 111211221222112122
4
3 733733377373377333
1 443444434344444344
4
4
4
3 733733377733337773
3 667766776667767676
3 333333737733373337
2 151551050100115510
3 888333833383383333
4
1 443434343334444444
3 337733333337333333
3 050055555555555000
1 433434344343334343
1 334343333334333333
1 344334343334333334
3 377733373337337737
3 377337733333337737
3 999959995559595955
4
3 550550500505505055
1 333343334443433333
1 434443443433344434
1 443333433343343333
1 443333444333334333
3 182182121211221828
2 500000111500105150
3 383338838383883838
1 334334443444443334
2 515011105001150051
3 500550055000055505
2 155555550515515150
2 050051101150111000
4
1 343444434434444444
1 343343334344343434
1 433434333334444434
4
4
1 343343333344344343
2 111110115555515105
3 005505555055550505
3 777677666677766666
4
3 118128222211111121
3 055555000050005050
3 999939339333339333
3 881221222211882822
2 555555010510050151
2 155515505151555151
1 444433343433333443
2 262626662626662266
3 334343333334333333
4
3 882821212118822122
1 444443334344344433
3 383388888383388333
3 888855888885585558
4
2 226622226226222266
2 226222262262226226
3 122881122881822828
3 767777767767776766
3 676677767777666676
3 888338883838333838
3 999555595955595999
4
1 838388838883333383
3 422222242242244424
4
3 221188212811888221
4
2 222226662266222662
4
3 212281888122282182
3 128882221221881282
1 338883388388383388
1 888333388338838888
3 122121882881281288
2 266626666662262622
1 333883883833833383
1 888333833383383333
4
2 266622262222222266
1 333338888333833388
3 888585555855858558
3 128188121121121211
3 118828122181121828
3 182128812288882118
3 888833388338838338
4
1 833888888333338833
3 888118822111211188
1 383888333838883333
3 881128118888812112
1 833388338838888833
3 888211181218822221
4
3 112222122212212121
3 228111882128818212
3 122112111221212222
3 883883338838333388
3 444434334333333333
3 595999595555599555
3 676677767777666676
2 666222226622666662
1 383338838383883838
3 595999595555599555
3 212881188812211181
3 666663111363636131
2 226262622222226662
4
3 555555999599555595
3 122112211212112222
3 361613331631333336
3 611331636363136311
1 383333838333388338
3 424224224424224422
3 244442244424444444
3 448448444884844844
2 622266666622262266
3 113113361111131636
1 333333883888388338
3 633111363366616666
4
2 262226622622662266
1 888833838888888388
3 666336336333316336
4
3 677677677767766776
4
3 113113636366663136
1 888883333883338333
3 166163311616131633
3 599999959559959555
1 883883338838333388
2 222626626226666262
1 888338883838333838
2 226222226626222266
1 383388888383388333
2 222266626222226626
2 266226222266662666
2 666666626666666262
4
2 622226226662262666
3 443444434344444344
3 131336131613166131
4
1 333388838888388388
1 888833388338838338
1 388338383333883383
3 055550505000005005
1 599959995959559595
2 262662626626666666
2 626662266266626262
2 622626666266622662
3 613133336161633331
3 242422422222444244
3 888333388338838888
1 959999955559955995
1 599959559995999995
1 959955555995555995
3 666363366663136366
4
3 311116161661333163
2 226266662662622226
4
3 631636661131363333
3 163661611113166366
3 777677666677766666
2 101290029291111919
3 888833388338838338
2 222102901902922992
4
1 959555595959559995
2 191212029001919100
3 331113136636661163
3 663631113111661661
1 959995959959959599
4
3 636666163363136161
3 333163361116366336
2 991009292102292111
2 909910122120199991
3 112222122212212121
1 599999959559959555
1 955955559555955599
3 999555595955595999
1 999555595955595999
2 990922219010109110
2 029009021009900109
3 855558585588558585
3 343343334344343434
4
4
3 221212121221112211
4
3 676677767777666676
1 599999995595999555
1 595559599555999995
3 163333636316636636
2 100001011911210901
4
3 677667776677776767
3 631116311161633136
1 555555959995595995
1 999559959595559959
4
2 002221920019221120
1 559555595599955559
2 121001929111209200
2 022220000919092912
3 777667776767676766
3 555885855858858555
4
4
1 999959995559595955
3 444488488888848448
3 993339939993999333
4
3 677676676667666677
4
3 776777667776667777
4
2 299921090122920090
3 676676667776777676
2 002019129211022012
4
4
4
3 676667677667767777
3 776776667767766666
4
4
1 595999595555599555
3 112221211221112211
1 555555999599555595
3 399399393333393333
4
3 555855585858858555
1 555955559559955595
3 999939933339939399
4
2 290009091919121111
4
1 555559555555599599
1 999955999599995959
4
2 121101190002110921
3 676666777777776766
1 677767667766667776
2 920191902220022192
4
1 676666777777776766
2 992000220919120110
2 220119091999220229
3 338883388388383388
4
2 999112919021011122
4
3 443333444333334333
3 888488888888448888
2 129290229019922901
3 224222242442422244
4
1 777777676677766777
4
3 777767666767667677
1 667766776667767676
4
1 767666666667767676
4
4
3 767777676776677776
1 676677767777666676
2 690990196099190110
1 677677677767766776
3 111211221222112122
3 667766767677667667
1 776677766667666777
2 910191190616106999
1 666677677777667666
1 767776776777676676
2 610660190606000061
2 016006091091991199
1 666776766677666667
1 667777766767676767
3 676667776777666666
4
3 677677677767766776
3 244444242244442444
4
1 777677666677766666
4
3 242422422222444244
3 776666777676777777
3 767767667767667777
4
3 558858558888555588
4
4
1 777666666677667777
1 677667776677776767
1 767677677677767777
3 999959995559595955
3 666667777676767776
2 019996660961606066
3 000550000555555555
1 667777766667677776
1 767777767767776766
4
2 996161196091916096
3 050000000000500005
2 910060616699111990
2 991909069606160011
2 119069001006960166
2 906969199661196609
4
3 959955555995555995
3 242422222424224244
1 777666677776777666
3 676667666667777676
2 911916009190601900
3 677767676767777676
3 885585588855585558
3 122211211121112212
1 776667666677767767
1 222244424422222442
1 244222424422424222
1 424444424222242442
3 676776666767667677
2 609966000999100000
1 422222242242244424
3 884188411333318383
3 148318844881881838
2 666600106666001099
4
3 431443844811314441
1 244222222222222222
3 381113188831113833
2 601669996900166601
1 224222242442422244
2 066616900610691910
3 841384834833143313
4
2 610099999669911611
3 883118843413831331
1 242422442422222244
3 413383113138114384
1 244444242244442444
1 242422222424224244
2 011006910111690666
2 101001001160099096
3 418884141888434413
1 444224444242222424
1 222224424444222222
4
3 844484431338338413
3 843414113148333448
4
1 444222424244444222
3 418148411841344443
2 900016196199096190
2 000190019916610106
4
2 848488844884448448
3 888318438811438434
3 441811814131814341
1 222424222242444222
3 443434188141811838
2 484488448848488488
4
3 133838313143883438
2 844884484848844484
3 113314411133831834
4
3 481844813438331411
3 144341888411414441
4
3 834444114143318318
3 814414343334843484
3 118818388313833883
1 224222222444244444
3 341148813841838114
4
3 314884311184818381
3 444134844883881431
3 314143483138831348
1 244442244424444444
2 448448848884444884
4
3 813418833834313184
2 844848884484488484
3 344181313488884344
1 424224224424224422
3 138333134133344383
3 341138414411113131
4
2 448484488888488844
3 433388414381143883
4
2 484484448448848444
2 444444444488844844
2 844444884884884488
2 848884448448484484
3 883433848311413331
4
3 338144838848333348
1 424242224222222244
3 348344881344184113
4
1 444444224444422424
4
3 488144484484384843
2 444488844844888444
3 348881183413411183
4
1 244444422442424422
2 884884884484884448
2 488448488484884884
3 383848838183338434
4
3 144441141841184331
4
3 333438443133114413
1 242422422222444244
3 143134138118113384
3 441831818481843484
4
2 444484848848844488
3 722697962677279679
1 933933999993999999
4
4
4
3 929797779977976772
3 227792797766667727
4
1 999993333933933939
1 399333339339939993
2 488844484884844844
2 888484444484844884
2 888488484844848844
1 999939933339939399
3 777622762772997967
2 444884484448448488
4
3 992767969726726669
4
3 727276962797997729
3 779276222267979999
4
2 448444844844844848
4
4
3 692697696967679267
1 993339393933339393
1 993333339333333333
3 677776997229962729
1 939999339999339933
1 933939999393939999
1 393333939993399333
3 297796999777966972
4
1 339939333933393399
4
4
1 399399393333393333
2 884448444448444444
3 776926667796976622
4
2 544543345555555453
1 339999939993339393
3 667767976692626792
3 999262227967622696
4
2 444555345345444343
1 393939933399399339
3 792697292967676767
2 355544343444453335
4
2 454454335545545444
2 534444555545543545
1 993933999939339399
4
3 679997299266269962
4
2 343534553335344343
3 962766222627297776
1 993393339939993933
2 545343555444535353
3 929766962767227297
3 969269797272269799
3 996927622967677627
3 699999772662299666
3 999777276962227967
2 344554334353444354
3 766692772222296772
3 979966262922779967
3 666799299926922967
3 976279262767772627
4
3 677999726967799972
1 999939339333339333
2 433343435353444444
4
4
4
3 226722996997266792
3 296762222997772797
3 676279767969277227
2 345554553355444344
4
2 535443344534543554
1 333999399999339339
3 227622626269776277
2 344544544444555544
4
4
2 334354333455434353
3 797769926297722629
1 999993339333933999
4
1 993339939993999333
2 433434535444343444
3 772962679996927697
2 355554553443433553
1 933939999933939339
2 354543554354353555
2 444354345534535555
4
1 888855888885585558
4
4
4
3 267227992266299772
3 279622229927766629
4
3 699927929667992796
3 766266679677262672
1 555855585858858555
3 762929696772626976
4
3 699662697267696967
3 226997766769767269
3 666626296666629262
2 343345433433334535
4
4
1 885585588855585558
1 585585885555888558
2 534343343555435333
2 535533345354335453
4
3 888876776678666786
1 858558588858885885
2 253333775222322332
1 558585555585855858
1 588555558585885888
3 666788767666687687
3 788868776686678776
3 868776767786866877
3 686687786886678886
2 522772773523733552
4
1 858888885555885588
1 888585588888555885
4
1 588858885555558858
2 732755337553555757
1 888585555855858558
3 688686766687786877
3 778876786866786687
3 667878777666778877
1 585888588585588888
3 678868668766666866
3 776876678788876666
2 773527225552535372
4
3 876776877877678777
3 767878687888878687
2 253535725333327277
1 585555585555855885
1 855558585588558585
2 732233522752737722
3 688777666768778876
3 676688686776678866
3 768787878766676766
3 678877768676666668
3 786786886877878666
4
3 776788788767886778
3 666877678878868666
3 767787866768686876
1 855888888585555858
3 667677887877886687
3 677676877866667676
4
3 787686776767886886
1 888555588855855885
3 887777666867667866
1 555858555858858858
4
2 333337375273252552
3 867888877886878677
4
4
3 778777886876767778
2 377533553333252333
3 776676888668687888
3 777768687686886777
3 678867687788887768
3 686867886767777678
2 335337727722273775
4
3 766878778776686788
3 686677868888786868
3 868687786768768768
1 558858558888555588
3 786677676788866867
3 887766787667886868
3 876688688877668667
3 866688886666788776
3 666667688887686878
4
4
1 555885855858858555
1 558858855885585558
3 868867887766786766
1 484888448488848444
3 877788876767886877
2 755772552553377325
4
3 969009660060990906
1 844888488884848884
1 888848888448488444
4
1 444444488488884848
2 553235573333357222
2 355235777335355225
4
1 844844888444484484
2 375357327752753372
3 609990006969666060
4
4
4
1 484844488844484844
4
4
2 733772233333533573
3 996696069906696609
4
2 272232257235573272
3 666690696909609906
4
3 666699009960906009
2 277335252552525325
1 888488888888448888
3 969099969000996000
3 900660969069909069
3 009660006096066990
1 444488488888848448
3 069696669966006966
1 488448888484848844
2 257732577277772352
3 690969006096666999
1 888888884844448444
2 723735355525227232
3 990069999090660990
4
4
1 448444884484488844
3 069666009669696000
2 325575275752752535
3 900696066999006609
1 488488844884488484
1 448448444884844844
3 090696900606009669
1 848884888488444444
1 888844448848884884
2 225272553337755552
3 999096690699666660
2 704005577757474754
3 000669696909096669
2 500550554450744777
4
3 099006099690699996
2 407054774045407474
1 484884848444488484
4
2 750545000570444770
2 547540547047740777
4
3 069666999006060000
3 906996090009996660
4
2 570440545754440754
4
2 474575505574704074
3 006066609006999960
1 484888484444848448
2 075744404405747574
3 999096699006609069
3 666069096966000696
1 848848448484448488
1 844848848488888848
4
3 960969090699600660
3 909990666660900609
2 755770455555707540
4
1 484444884448484484
3 696966999660699096
3 969009609690690006
4
1 550550500505505055
3 996966606609090669
3 690969600600900966
3 060096900660699006
3 009090999906999009
3 000966669600696090
2 475544507707705775
4
3 969000690990060990
2 747454404474475507
3 009099966696999606
3 906699999096600906
4
3 900969066906000966
3 999996606696960690
3 696066000960600969
3 966096999900960669
4
3 609909069099006606
2 040540040574404705
4
3 000069990909060669
2 077077544755440445
3 959333313151513315
3 559931113133119155
2 407075057440040074
2 555547470054470070
3 959591553933531955
3 331153135153399193
2 575705040475507044
2 704457055447055045
3 335115551551135111
1 005550050055050550
3 931133395155591111
3 339595593133995919
1 055555000050005050
1 055550505000005005
2 550700447770745470
1 055555555555500050
3 319391933195939959
4
1 005505555055550505
2 444757507470405550
2 454700475447050744
3 515119515351131533
1 550005055000500500
2 244222422244224222
1 050055055505500000
4
3 319595953595519111
1 005550505055505005
2 242422244444222442
3 953551515535315131
2 422244244424224242
3 135311313995599135
3 399395531135913315
2 444424422242244444
1 050000000000500005
4
3 519533915533339159
4
2 242444244242424244
2 242242444222442222
2 424442222244222244
2 242444244442244422
4
3 111119599559915393
2 244244444242224444
3 913559953355553131
3 159993993133599993
3 131199131193199191
3 115199331391319391
2 422444224224244222
4
1 500500550550050050
1 500550055000055505
3 931591515319133119
4
3 911533311113555511
3 113999319315531191
2 442244244442222244
4
4
2 244422442222442222
3 199953993993159533
1 050055555555555000
3 111931115135193331
3 399539533935591931
3 331995535135359153
1 000055000005500050
3 319359135335353919
1 500500505000555555
3 339339951513355959
2 424422444224442244
2 244224444444444222
1 555050055050555005
4
2 244424444222422242
2 422242242244224422
2 424244424222242444
1 000550000555555555
4
3 913513993939351339
2 442242242444444222
3 939511915131539339
3 999111533111595519
2 242444442444422442
3 399159913153311191
1 500050000550055555
3 955119939991959913
4
3 339555335151113331
1 505550555550555550
3 511335355999391131
3 995513151515111193
2 444422422424244422
3 955119513913599195
3 191133593135915191
4
3 531995519535953539
3 911953353139391335
1 505550055055500555
