1000
1 333343434343344433
2 888886866866866886
4
3 867556877868865557
1 343434343333444334
1 343333434433444344
3 933933939939939993
3 228222228288888222
3 111111919199191199
3 399993939333999939
3 199199119111191111
1 434434433333434334
4
2 686868868668688666
3 777887766767778886
2 668868666888666888
3 655666786856577788
2 688886668686888668
2 668688886866868866
2 668866668666868668
3 800000000800000000
4
3 282882888888288822
4
3 856667555788776766
3 866855865688567885
2 688868868668686886
4
1 333444343434334433
4
4
3 777765667675576586
4
1 444434343443334334
1 443333333343344343
3 566678767657558778
3 144441141411414414
2 886868668866666666
3 311313311133331113
3 144444144144114114
3 858755578665557788
4
3 244242242444242424
2 866866868686868688
3 080080088800880800
3 080000808800888888
2 868668868868666866
4
3 433433334343434443
1 443434443434334344
3 244242224224244242
1 443444433443434344
3 878568885855875767
3 822288882282282882
3 856578785865868575
1 334444344434443334
4
3 422444422424244244
2 666868868868886888
4
3 444434343443334334
2 888866668888868688
3 933993393399933333
4
3 822282822822288228
1 343443434444344344
4
3 088080888800000088
3 755768885577575865
2 668666868868686666
3 114114414111114414
2 668666868868888688
1 433334333433444333
4
2 886686668886868888
3 586558778587656856
2 668866688686688666
4
3 111114444414114141
4
4
3 939939939993999993
3 786785658867586658
2 868668668866888668
4
1 434444444334434333
3 080008808800008888
2 886668888686886886
3 756868658655556576
3 575677865757875587
1 433444434333444344
2 886888866686688666
4
3 777666767666676666
3 228222228288888222
3 000088000808800000
3 228282882882822828
2 688688866688866686
3 144444144144114114
3 333933993933999399
2 887977199799778777
3 222882228282888228
3 776766767776767666
2 999917717871789717
2 889799717818897789
1 433433334343434443
3 222828222228828282
1 343344433434433344
1 344334444334433333
2 177718977891881718
3 282888228282288228
4
3 343344433434433344
1 434333443443344444
2 871811997991878911
4
1 434344344334343343
2 899897911977171817
2 911987788889887711
3 144414114411444441
3 334444344434443334
3 767767767777667766
1 443334433444344433
3 776677666677766676
2 718188779878999919
2 719791898978181111
3 111111919199191199
4
2 878111197198817987
3 444434343443334334
3 442222422442222224
1 993933939993999399
3 080088000888080000
3 080000808800888888
3 776777776766766777
3 343344433434433344
2 199787199898189787
1 333933993933999399
2 899811188199119891
2 818971188987181178
3 676676777667766666
1 939933393393393999
2 181888779999717179
3 414444411444141141
2 771111971789891179
2 917798177981798911
2 188789191877799977
1 939339399999993993
2 787191971791189711
4
4
4
2 887979118918888979
3 444434343443334334
3 434344344334343343
3 114111444141141144
4
4
4
4
4
3 776766776776776777
4
4
2 718789117197879898
3 767776677676677667
1 933393933933399339
3 242224422422244424
3 939339333933339393
3 766766667676677666
1 939339939333333993
1 933393933393993393
4
4
4
1 399993939333999939
3 080080088800880800
4
2 555850205022520250
2 528825050255285885
4
1 333999333999933999
3 343434343333444334
3 088000880888008080
1 399999339939339333
1 339993393333399999
1 399399333399999333
4
3 777777777666767666
1 393333393939933339
3 666767667676767667
1 399933999933393939
3 888888800880880000
4
4
2 580002228555805805
2 555288002200282258
3 667777766777777677
1 939339333933339393
2 808058882558055025
1 933933939939939993
1 399933339999999999
2 058020205828202580
2 055085055800028228
1 339999939933339399
3 119119111199919199
3 119119919911199919
2 805220580858885055
4
4
1 939939939993999993
3 694966946696699469
1 933993393399933333
3 141114444111141114
3 119911191119911199
1 228882888828282282
1 222222282288822882
2 220882225002880085
4
1 828828828822282228
3 399999339939339333
3 144411144111414144
2 555508805588258808
4
2 280082805882588502
3 133133131333131313
1 282882888888288822
1 822288882282282882
3 649499944699494649
3 446649966649496969
1 822282822222282828
3 114114414111114414
3 444434343443334334
4
4
2 508585222885205002
1 822222882222282282
3 443333333343344343
1 822282822822288228
4
2 850585082208220005
4
2 000808082880228882
1 822288282228222288
3 119119919911199919
3 808808888000088808
3 469494464696969949
1 888282288228228828
3 224444442224444244
2 000550585588582200
3 343344433434433344
2 855025202205285052
4
1 228222228288888222
3 244242224224244242
2 502500500220522000
1 882288882288822882
4
3 944966499966946699
1 282888228282288228
1 828288222822882288
3 343443434444344344
1 222282228282228288
3 994694999969994649
4
1 228282882882822828
2 588808880080008508
2 588022888005808588
4
3 088808808800880080
3 441111444441141444
2 882252285805002202
3 699664464446646466
2 777147411717170077
1 222882228282888228
3 808080080888088800
3 244242224224244242
3 999666469464964669
2 107711174040417414
3 199999911919919911
3 119119111199919199
1 222828222228828282
3 964944664446964666
4
3 939933393393393999
3 828828828822282228
3 699496694666996964
1 822288228882288282
3 311311311111111133
1 822222288882822822
1 131131131133313313
3 222828222228828282
2 401704017044717001
4
1 311131133333333111
4
3 344334444334433333
3 949996464964944944
4
3 442444422222424422
4
3 442224424224224422
4
3 411141114141441141
3 880000080808888000
1 333113133133333333
3 788887788787787878
2 000077171007740704
3 244242224224244242
1 333113113333333313
4
4
2 740177404740770441
4
3 787887787877877777
3 411414144414114411
3 777787778888778877
2 717771447417740144
3 888888788877878888
3 000088800888888080
3 999999111919991119
1 313333313133333331
3 787877887888787878
3 877888887778778877
1 133331131113113113
3 399933999933393939
1 133111313131131111
3 111991119999919199
2 141410714110447107
3 877787887888877788
2 010414171077147770
3 878887877878878778
2 414071477407077470
2 077747744704040477
3 244222424242444244
2 074100077147107104
4
3 224444442224444244
2 700077144741470717
2 104400770174044177
1 311133131333111311
1 113333333133331333
3 877877877778787777
4
2 144144011711004117
1 311133313333131331
4
3 991991111199991919
1 133133131333131313
1 133131313131333311
4
1 331313133313113113
4
3 787877788787887888
3 777778878877878878
4
1 333333113331311331
1 111111311313113131
4
3 880000080808888000
2 077710401001741110
1 311311133311311331
3 000088000808800000
4
4
3 778877777877877877
1 331111313331331113
1 311313311133331113
3 080808888080808080
4
4
4
1 311311311111111133
3 887878787887888777
3 119119919911199919
3 242224244424442242
2 741744777477017001
2 401077140071110404
1 331311113313133131
4
4
3 808080080888088800
3 777878878877777887
2 711441477077107000
2 717774710414770470
3 991119199119119911
1 880000888000888880
3 778888887778887877
3 311313311133331113
4
1 000800000888000808
4
3 887887777888877778
3 331311113313133131
4
4
1 080000080088888000
4
3 222224444224242222
4
3 777788788778877777
2 474444140000117141
3 877878787788878777
3 008080808008888000
3 442244244224442242
3 442244244224442242
3 777766767776766767
3 000800000888000808
1 808080080888088800
3 777777767676767667
2 554777755744775457
2 455775745747557445
4
3 999999111919991119
2 575755744474774454
3 343333434433444344
4
1 080008808800008888
2 545575777745777777
3 676667776777776677
3 088880808080808808
2 445444457454447547
3 333999333999933999
1 888888088000888800
3 443434443434334344
3 880080008088800888
2 444777455445777755
3 111114411144441144
2 745545557777745475
2 547474457744774477
3 333444343434334433
2 547447774745744574
4
3 666776766666776777
3 933393933393993393
4
1 008800088008808888
3 000080080008800880
4
2 574774455474747777
3 777776766676766767
3 441111444441141444
2 554575455775447754
3 677767666666666777
3 443333333343344343
1 088088000800800880
3 776667767766677777
3 666776667667676667
1 888800808808080080
3 676666676767766666
2 575745575577555574
2 447544545555747477
3 114111444141141144
3 441111444441141444
1 880080008088800888
4
2 747475775445744547
3 676666777676777677
3 399999339939339333
1 000088000808800000
4
4
1 888000088000080088
3 777667777676677766
4
1 008080808008888000
2 757457475775775577
3 088088080000888088
1 080808888080808080
3 667776766666666766
3 880080008088800888
4
1 088000880888008080
1 080880800088888088
4
2 754445577775757444
3 399399333399999333
2 457444745457774457
3 676677667667666777
3 119119919911199919
3 822288882282282882
1 008080080800888000
2 745774545557744754
3 331111313331331113
1 000088800888888080
3 667767676776677667
4
1 000000008000080800
4
3 777767777777776666
1 888000808800880008
3 882288882288822882
1 111199999111119119
3 777777766677776766
4
3 997797797977777977
3 979999779779797999
2 744775447545757777
2 447454754444574447
1 199999911919919911
2 555005550555005550
2 055555005505550555
1 191999191991119991
2 555005550555505005
1 119991119919999999
1 919919199999191999
4
4
3 979999779797777999
2 055500055050055555
3 777777979999799779
4
2 550050555555055000
1 999111911919199999
3 999977999797799779
3 999779779979779977
3 977799779777979797
4
3 997777797797997997
4
3 997779799799999977
3 797777777997779977
2 550005000005005550
2 505550055055005000
3 779779779797999979
1 991111911911191911
4
3 979797799977979997
4
1 119119919911199919
1 999999111919991119
2 000055500555005555
2 050055000500005000
3 979799977799977799
3 999777997997979999
3 977977777799797777
4
2 550055555050555005
1 999191919911919919
4
2 000005505500050555
3 799977979777979799
3 799979777799799999
3 979997977797799799
2 505500050550000050
3 777779977797797997
1 119119111199919199
3 797979777797797777
3 977797997777799977
4
4
3 799979979777799777
2 000000000005550055
4
2 550005505005050505
3 999979979797997997
3 799777799997999977
2 000005005050005000
1 199199119111191111
2 000000550050055055
2 505000000505000500
3 979797999979977997
3 799997779799797797
4
3 779799999797777797
2 550505500505550055
2 050500005000555555
3 979977797997779999
1 111991119999919199
1 991919199911991111
2 550000055500555050
2 878808777877888777
3 777797777779997977
3 977979777999799797
3 979997799799779799
1 111111919199191199
2 870008878008008070
3 999799797999797799
3 779979979797797797
3 977799799979799999
3 997779997997999779
1 919991991919191991
3 979979979979797977
3 779997779997979999
3 779977799997979777
3 997797779777779779
3 777997777777797797
2 887770077787700800
2 008870807088770877
1 119911191119911199
3 269262996996969226
2 878070878088070707
3 962662626926626269
4
3 692262662222269992
3 962692292922969929
3 622969222966262696
1 991991111199991919
3 692966669629292229
3 926926226669962692
1 111999919911119991
3 629966966669266269
2 700888708080878088
2 800770707078708888
2 808888078788800887
1 991119199119119911
4
3 996222222929622222
2 787077888008870700
3 666662622666666222
1 444424244224442244
3 226962299966969966
4
2 007777070878807888
3 629999662229662662
4
2 080080087800788778
1 442224424224224422
3 292622269962996692
1 244242442242222242
3 269696962229229299
1 444222422244222424
4
4
3 666929622922262262
3 962266926699699966
3 929699626692926999
3 269996666629269229
3 299626299629922666
4
4
3 929296296966996966
3 226226662292966222
2 770788777880870077
2 070878707887778877
3 226966992922962626
4
3 622662299292669226
1 442444422222424422
3 992222969929222996
1 244242242444242424
2 708007087877777877
4
3 662666922229296999
2 708880808700000878
3 966262262629922222
3 699269992962226926
2 707708787780778087
4
3 996296929929692666
1 442244244224442242
2 887078888707088088
4
1 444444224422442224
4
4
4
4
3 292929929266692692
3 929696662922626662
4
1 222224444224242222
1 242224244424442242
3 222269226296699996
3 966969999662662296
3 699622266226696269
4
3 296662662969262229
1 224444442224444244
4
3 262622966662666699
2 788770880000878777
4
4
4
1 244422242222242422
4
4
2 787770877878077700
1 244242224224244242
2 770777808008080807
3 929626269262266929
3 926926622226699669
3 699292269692222292
2 443934344339444934
1 422444422424244244
1 442222422442222224
2 349394493944433334
3 269269222699622222
3 922299966226262696
1 422442422224222242
3 166111111116611616
2 493434393344349943
1 442422444224422222
3 661111161611161666
3 111666611666616166
2 433943449944999993
2 394439949499933939
2 349999944393339333
4
1 242224422422244424
3 161116116666111111
3 661111161666611661
4
1 244222424242444244
1 242224444242444442
1 111114444414114141
4
4
1 441411111411111144
3 666616611666611161
3 116666111116616111
1 114144414411414441
1 444111111111411441
4
1 144411144111414144
3 161111166111666166
3 666616666661611166
4
1 114441141444114114
1 411141114141441141
2 393944394943943993
1 444411411411414411
2 499433343333349943
4
4
2 433399993999393944
1 144111141144144414
1 411414411411141141
4
2 994449999994339433
1 441111444441141444
3 161166111666116661
3 666111111616666661
2 444939939449493443
4
2 444444493439493944
2 944493339433393949
3 611611166616661111
4
2 444399439334439939
2 993443499344494993
1 441114141444411414
2 333933949444494449
2 443949943394349343
3 161166161166116616
3 666661116116111111
2 434994439439994949
1 111114411144441144
4
1 144444141144141114
3 616166661111166161
2 449933399439444933
2 933434494993344399
3 116611161116661166
4
3 166611166616611616
4
4
2 784886666866474746
3 661616666616116166
2 464786686846876788
3 616611616161166616
2 687646888476647886
4
4
2 868688767476786488
4
2 747688777887786864
1 414141111411444114
4
2 467767767787674467
4
4
3 161161661666661611
1 114114414111114414
3 611116111161161161
3 166116111111611666
3 661661611166616661
3 611166611611611666
1 114111141144411441
3 661166166111666166
3 661666661666616116
3 661616616161616661
2 746766887768667844
3 666166111111616161
4
3 111111666111611666
1 444414111144111144
2 848676876474478847
2 886448648674887867
3 611116111116616666
1 414141444111414111
1 144111111441411444
2 784747486768448866
3 116661111161116166
4
3 666111616661166166
1 000080888088888000
3 661666116616666161
3 111111661611616661
4
4
3 116666611111111166
1 888080080080080888
3 111111616616616116
3 166111116166616616
4
3 161661161166661116
1 888088088008880088
3 661161661666161116
4
3 661166616116161611
3 848244220842024802
3 482448020228820204
3 024844808048048202
1 008800000000008880
2 464488868678776686
4
4
1 000080080008800880
3 488884280240088828
3 488424444444048408
1 088880808080808808
1 088080888800000088
1 000088808800800000
1 088808808800880080
3 208400242840228224
4
3 280444224284024402
4
3 840824404222022442
3 200482020882444828
2 764646646446464674
1 880000080808888000
4
1 800000000800000000
3 442224044000884248
2 887788684477847787
3 404088042820002004
4
4
2 464477747477448687
4
1 808080888888000088
2 467867886877686647
3 804844008202040048
4
3 224008442404242884
2 776644847478476884
4
4
1 080080088800880800
3 840824428888022040
2 667648664778488447
3 288200880404028448
3 804040208880480482
3 042408248848484008
3 044220004402408004
2 766846888464867774
4
3 220842228082440888
3 020844804220848244
3 882040424802008080
3 004002482840408424
2 746878876778884484
4
3 408240822008028828
4
1 088088080000888088
3 888242204022482280
3 848282408044204220
3 282008280808008000
4
3 044488824202480408
3 824244808440804824
3 822244848800404240
4
3 422088408428408202
4
3 088208024020840048
3 424002828288482002
2 874687686647684664
1 080000808800888888
2 555858185888587851
3 202222020480022284
3 840284040088488222
4
3 824044244482082284
1 880800880880808088
3 424024484082422224
1 800808808800080800
1 080088000888080000
2 881557518511878718
3 200800024802820240
1 808808888000088808
3 084880042402048422
1 888888800880880000
4
2 857715155158815511
4
4
1 114444444441414441
3 248282844240284848
4
3 044202884428000408
4
3 118814888411441444
3 181188814488884114
3 114181418144488481
1 144441414441111411
2 551778717155887157
4
3 488814888841144411
2 517178558575111517
1 141441411414114414
3 448188118181818884
4
3 141884488818841148
2 177755585771771878
2 715511755777551185
1 141144144114144144
2 778111787581818881
1 444441444411111114
1 411414144414114411
3 488844844184411888
3 818188411881114188
1 144444144144114114
2 517115177118117585
3 141144881888444481
2 155851881558875511
2 158587771711555577
2 575871888881115715
1 444444114111441111
3 444141848881888148
3 844441848144484418
2 587777711788117588
3 411848114841181881
3 481114448141848481
3 411118818141184441
3 444484488488148181
4
4
1 144414114411444441
4
3 841888814881418448
3 184881444114181811
4
4
4
2 811715155115558777
1 414444411444141141
3 484414484441411141
1 414144414141441144
1 114141414441114441
3 411118814441441881
3 848818848881141848
4
4
1 114111444141141144
3 411841144184448411
1 444114414411411144
1 141114444111141114
3 884811844114488848
2 171757178157551578
3 814881481188444114
3 814811118488118884
1 114114111414441141
3 188481414118881184
4
4
2 815187758887715877
4
3 488841111888818444
1 144441141411414414
3 181481881114114148
3 418884884144144884
4
3 411114111118484118
3 448811141448141848
3 148814848414184184
3 448481414488411818
4
2 115888771575881551
3 848484411181188484
3 114818481144418488
1 441114411144111114
4
3 184888184888448888
3 888844814484888114
2 577888778515555815
3 488111114818818488
3 881141118811144181
3 148488144148844881
2 171887881157588178
1 114114411444111414
1 411414114411114141
3 111411184181411881
2 181855118881558578
4
