1000
1 442244424422442244
1 242424224424224224
2 772227727772227277
3 555511555511511515
2 277727722722222277
3 640047464067466640
3 999696996696666699
2 272727272227727227
3 400604046774704444
1 444242444224222244
3 696699996996996996
3 700000077770770000
4
3 700000700077007777
2 277772777277272272
3 200202000022000020
1 442242444442222222
1 244242444424422244
4
4
4
3 070007004044000477
3 460700664060644467
3 060677766760676604
2 227727222222727727
2 222727722227277722
3 474070444607044067
3 993333993339399999
3 074006040077067477
1 222442442222244224
4
2 277277277227227227
2 777222222227222777
2 222272272722722722
4
3 404460660676607077
2 277727227727227777
3 477744077474670600
1 442422444242424444
3 330003300033333333
2 772227722277722227
2 277777227772272272
2 222722727727727777
2 722722722277722227
4
3 606044076767640006
2 777272222777227727
3 706006464676667640
3 407676470076677047
1 224242224242224222
4
3 993333993393333999
2 772722727727227272
2 772227772772777277
2 727772772722272777
1 242422424444422424
4
4
3 022200200220002202
1 222224424442442224
1 222444424224242224
2 727777222727777722
2 772222277277777227
3 555556566655555556
3 074740074647060067
3 776777647040066740
1 242422424442222442
3 303000033303000033
3 777064747077676746
3 000770000707070770
3 000467707666744446
3 888818818881111111
4
1 224242422224242222
3 474777760604466477
1 424242442244444242
3 242222242444222442
4
1 242222242444222442
1 442242442242222222
2 331531315315135535
2 315335313311313135
4
2 153115111131535355
3 303303003030333300
2 115333151133311533
3 676477667606460406
1 442424224442224424
4
1 242222422222424422
1 444244444422444424
3 888818818881111111
1 244422444444424244
3 656566566556655656
1 000000033333333030
3 777070070007707007
3 339939933933939399
1 033033330303303303
4
3 656665666665566565
3 046000604007444064
4
3 966996969666699966
2 331331315111535315
4
3 772272777727222272
3 727222227277227772
3 515515515151151151
3 242422424444422424
1 030303303333033303
4
4
3 656665566665565666
4
1 300300000333330030
1 330030303333033000
1 030000333000030003
1 330300303030303003
3 772772277222772222
1 030033303003300033
4
3 555556566655555556
4
3 227727727272227727
3 722277222772722277
4
3 777227722227727227
3 666669996669996966
3 333939999939339393
2 511153511153553555
4
3 446464664644446444
4
3 727727227722272277
1 303000033303000033
2 553151511513111153
3 446464664644446444
3 000770000707070770
1 000003000030330003
3 399933939993999393
2 331111131351535155
1 333030333300033300
4
3 000770000707070770
1 330333303000300003
1 033333003330003333
2 113131515111131555
3 969669696996699966
1 303300330033000300
4
3 727727777222222227
4
2 533153151115351515
1 330033300333033000
4
2 313511133313115535
3 200202000022000020
3 220020000222200222
4
1 330003300033333333
3 227722777777272772
3 556656555656566655
2 551115531513113513
1 303303003030333300
1 303000303030030000
1 030003333330330330
1 000330030303300033
3 222272222227272772
2 531353555553153553
2 331313511131555355
3 111118111188818818
3 515515515151151151
3 222224424442442224
2 355515535115115551
3 070077000770000770
3 996669696969966966
3 700000700077007777
3 333939999939339393
3 772777777277727222
2 111353335533551113
2 133355113111133513
1 555111515511511155
1 111551551155151515
3 300300000333330030
2 351111351531115535
1 155111555555155551
4
2 111353533133313111
1 511551115551555151
2 353333151511535533
3 000000033333333030
2 848848484484848484
4
3 227777727272777727
4
2 844448844444888444
3 277222227727727722
3 655656656656555665
3 224242224242224222
3 555111515511511155
1 111151555151155111
1 115111551155551511
1 555115115115551511
2 488888484444848844
3 646444464664666644
1 151515111155551111
2 884844448848884488
2 848484448484884844
3 446464664644446444
3 000000033333333030
1 515111155155111111
4
4
3 700007770700077000
1 115555551155115151
3 799776677966996666
3 967769976666767976
2 844848848888484848
1 515111515151115511
2 448448448448444844
3 766977679997799667
2 844888448488488484
3 799766796676999779
4
3 666766976967999679
1 511555551511551515
3 700007770700077000
3 303303003030333300
1 511551511551551111
2 484848888444484884
3 118818181818811888
4
4
3 666669676677669977
3 665666566565655666
3 656566666666555665
2 444844848484844488
3 555151155551555115
1 515115111555115151
1 555511555511511515
1 511151115155551515
1 151111115111115555
3 667999699797979997
3 967767677799679766
4
3 766967667967779767
2 884848844484888448
1 515515515151151151
2 884444488844848848
4
3 393999399999933399
2 848444448844488484
4
1 555151155551555115
2 484888884488448844
4
2 888844444848888888
3 118818181818811888
2 888484448448484448
3 669976677667667779
4
1 515115551151511155
2 844888484844488444
2 484484848448884484
1 993993933993333333
1 333393999333933393
4
2 884448444448844848
1 339939933933939399
4
2 484884448488844848
2 177871888191988897
3 777077077000770700
3 466646644646446666
2 797871118881987877
3 696796666966667666
3 777799679997979967
3 707077770707770707
4
4
3 333393339939939333
2 981177899917171119
3 676966977779996679
3 656565655555556566
1 933393333333333993
3 697667799796969776
4
3 779679996977669976
3 155111555555155551
4
2 111887118877197878
4
3 666799666696679767
2 971797998188777779
4
2 978197719819177818
4
1 993333993339399999
3 979797997996679677
3 655666655656565655
4
3 699969969966969696
3 444242444224222244
2 189187781988789197
4
3 676967799767966697
3 002200002002202200
1 333393339939939333
4
2 187971799918789717
1 399399999939339399
4
3 656665666666655556
4
3 669469964994946499
3 646444446649464646
3 499949696946469999
4
3 466646666464666464
1 993999933993999393
3 707707007000770777
3 339933993393993999
3 002220220222200000
3 770070077077007000
3 444669664996496444
4
2 871177979811911197
3 777777000000007000
3 181881888881111181
3 993993933993333333
1 993333993393333999
3 449449946446496499
2 879899188999791771
2 891188789889771988
3 330033300333033000
3 224242224242224222
3 699666696996669699
2 999181777787978799
4
3 515115111555115151
2 877179998911717979
3 496964669646446446
4
4
3 466646644646446666
3 656556656566555665
2 188919111988879877
3 000770000707070770
1 399333339993399933
3 996669696969966966
1 333333939339993339
1 933399933939393399
3 555511555511511515
4
1 339933993393993999
4
1 333939999939339393
4
1 999393999393393999
2 898971181787111898
2 178899898178889777
3 330033300333033000
3 496669694646999969
4
2 881871179917798997
1 393999399999933399
3 303000033303000033
3 303300330033000300
1 993999339993933993
2 719198899719197197
4
3 966944499499946949
2 798911991877999879
3 665665656565565656
1 933393993393393993
1 399933939993999393
4
1 993333993999939393
1 699966966669666696
1 699969969966969696
1 666669996669996966
3 555151155551555115
4
4
1 696699996996996996
3 644646644466666446
3 969996666696969996
1 966996969666699966
3 696649964694644694
1 969996666696969996
4
1 966699999669666669
3 666964649494446966
4
3 118811111181181818
3 996669696969966966
2 888117979791811188
4
3 694996699669666446
1 699666696996669699
3 666644696669699999
3 881881818181881188
3 811118111111118888
1 696669699699669669
3 220002000200022022
3 888118881111881818
1 999996966666666699
2 292292922929299929
1 696966999696666666
4
3 242422424444422424
3 111151555151155111
3 818818811888181181
3 818181118818188181
3 881881188111118111
3 777070070007707007
3 466646666464666464
3 881111111881181811
1 996669696969966966
3 222002002202002022
3 888888188881118111
4
3 888188818118811811
1 969966669669969969
3 000000033333333030
2 299922929229922929
4
3 442422444242424444
4
4
4
2 929929922922999929
2 999222999222292299
4
1 999996996666969666
3 556656555656566655
3 118881111188881118
3 555115115115551511
1 996696699966969699
3 188811881188118888
2 222922222299222292
3 646464444444446464
3 566556666655556556
4
3 002202022200002020
1 999696996696666699
3 818118188181181181
3 707700707700000070
3 655666655656565655
4
3 655666655656565655
1 969669696996699966
2 229222299922292992
1 966696996666666999
2 222929922929229222
4
3 118188881818818118
3 818181111888881118
2 999999929922922299
2 299222922292922929
3 220020000222200222
4
3 993999933993999393
3 811881818818881118
2 992222299222922999
3 707077770707770707
3 666669996669996966
2 222222299292992222
3 818881888818118181
1 666999666999996999
3 666669996669996966
4
1 696999669669969999
3 242424224424224224
3 996669696969966966
1 666666446666444446
1 644646644466666446
1 646644466466646466
1 664664664466446646
4
4
4
1 446664644446464644
2 222222929929922929
4
2 229292299999922299
4
3 202022222200022002
3 818211828181111121
3 112818882811211822
3 822822181212122128
4
4
2 299299922992292922
1 466646644646446666
3 812882822281218221
1 446464664644446444
3 818282121128118812
3 118221822828882182
3 128218288221211888
4
3 181821118811821128
3 111821122118888111
3 182888828222221222
3 288188222821228122
4
3 188821828212821288
3 118221882221182212
1 446446446664446646
3 112282111882228211
4
3 212821282118888881
3 188282122111888818
1 666666466444464446
3 828118282828821211
3 118222182818811882
1 466646666464666464
2 999222229992229222
3 228282212812182211
3 121828111221282111
3 821122212888212111
1 646464444444446464
2 299992922929922299
4
3 281188818812881822
3 811211122288182811
4
3 881188811228221111
2 922292229229229999
1 446444646644466664
4
3 121128211281222818
4
1 466646464444466446
4
3 222228122228218828
3 228822111811112188
3 122188121212221188
2 299222299222222999
2 292992992929999992
4
1 666466666446646464
2 992222292992229299
2 004000440044004400
4
1 646444464664666644
2 400004000044400444
2 044440400044404044
4
3 228122182212182281
2 444400044040004044
3 122281822888181821
4
3 811182281188181128
4
1 646644646446664464
4
2 404004044004000044
3 122812281182811211
3 111182218218282888
3 882188282182222122
2 000444444040400004
3 111821888822188222
3 118222211288118888
1 444466644444664646
1 444464464644466664
4
3 218818818822122821
1 644444664646664464
2 400000400444044040
2 044040044040444000
4
2 400004404404004444
3 888218122122221122
3 281212112181218128
1 664666666444666666
1 888818188888111118
2 444404000044040400
3 881822812181112112
2 404400004440404004
3 553333353555553355
3 335335333533555335
3 535353355333335555
1 181881888881111181
4
4
4
2 044404040400040004
3 553533355335555535
2 404000040440000440
4
3 355333333533333533
1 188188811811811111
2 044040040044044440
3 353333333333355355
2 000400044400404444
4
4
2 440004440404040044
4
4
3 353333335335333553
2 444400000040444444
3 533555533535353333
3 535555533333333355
3 535333353335535335
2 044404004444440400
3 355555353355553535
4
3 335355533333555553
4
4
4
4
4
1 811111811888881811
2 000000400400444444
4
1 118818181818811888
1 118818881888181881
3 355333555555353335
3 335355335535535355
3 533335555353333555
1 118188811111181118
1 811111188111888111
4
2 404040444044040400
4
3 553535553335535553
4
1 188811881188118888
4
4
2 440044884040804000
4
3 355335333333355333
3 335533535553333335
3 335353553553353533
3 333533555535335355
1 888181111181888818
2 048880000880484488
4
4
2 004084400440804488
2 444448800888084480
1 811881818818881118
2 840044004480084080
3 333335533335533355
3 333535555335533335
4
3 535355333333553533
3 353353535355553555
3 335335555353553353
3 555533555333535535
3 553355535333355355
4
4
3 353355555353555333
3 535333335335533353
3 553353335553333353
3 333333355333353333
1 118811111181181818
2 488480404440480884
3 355553535535535535
1 888881888881818811
2 840080480408088444
1 111881881118811181
1 811818888811111111
3 333555533535533353
4
4
2 800048840844888448
2 484008040804400440
3 533355355355355353
4
2 840000000408884808
3 553533353555533355
3 535533533535535353
2 884880080080884840
4
1 111118181188811181
1 811188811118181188
3 555535535335555355
1 111118111188818818
2 444484840804088000
3 553553555535335553
3 355553533555353353
1 811811111818888181
3 533355535555535555
2 484404808408000004
3 747474774444744777
3 774744474474747744
2 084404440004888400
2 084804048440444400
4
3 477474444474474474
2 804884480480048084
3 474474444777474777
3 444444477747444477
1 888818818881111111
2 888848484440888884
2 480488480480488488
4
1 000770000707070770
2 044800084004884480
2 804004448480084840
4
3 747747444447447774
2 611311515333635163
2 655511553155533135
3 477447774474744774
4
2 515316155153665616
3 447444744474444444
3 774774774474477747
3 474774444474477477
3 774774777447474444
4
2 633361656635636355
1 700000700077007777
3 444447474444744477
2 335351361611355135
4
3 474744474774477447
3 474777477444777444
2 316656363313133515
3 744447447477444474
3 747447474447447444
3 744777444777747777
1 707077770707770707
1 000777077770700077
1 700007770700077000
4
2 136635635156555511
2 515531636633353651
4
1 770070077077007000
3 777444777747444747
1 777000000770000007
3 444747747747774777
2 635335536655561651
3 777747744774444744
1 077700700007007700
3 447474747444447774
1 077707700770777070
3 747777744747747744
4
3 747744447744777774
3 747747474744474447
3 477777447444474474
3 777744477444447744
3 747777774477744747
1 707700700070777070
2 361115631363563356
3 747444774474444477
4
1 707070777777707770
2 153555533366536615
2 655363635563663553
4
4
2 551161636633515161
1 770000070707700700
3 747447744447447477
3 474447747444774777
1 777777000000007000
2 316335331116336136
4
3 744444444747744747
1 707700707700000070
1 070077000770000770
3 444777474744774744
3 447447777474747747
2 561331115565331653
1 707077070777700077
1 700000077770770000
4
4
2 316651663315135651
2 351111163661535613
3 777774747477774744
1 777077077000770700
3 474777777774447774
2 513533166533615536
3 744774447777777477
2 553156133653551366
1 707707007000770777
2 563631153313616633
3 777774444447474744
3 474477747474447777
1 777070070007707007
3 777444447447774744
1 665666566565655666
4
4
2 977939797999339779
4
4
2 779977393993397337
1 656566666666555665
4
1 556555666555556666
1 656665666665566565
1 656556656566555665
2 733937739933979937
2 999397779993793793
4
3 744447444777444774
1 656665666666655556
1 666666566565665565
4
3 970790797099000777
3 997079777979777709
4
3 907797990997900700
4
3 070009990099779799
3 907797999970790900
3 770997907790997790
3 707700909007979990
3 977007007990900790
4
2 993799733739793773
4
3 099970970977700990
3 990777007707000770
1 656566566556655656
4
4
4
3 070977770790099097
2 733997737973739939
2 977739979397739977
3 999079009700077970
3 707909070977799709
3 779777077797707779
3 707797777077990070
2 997733933777993973
3 907707097700907979
3 097000990770079079
4
1 565555556566555566
2 373779979773973373
1 555556566655555556
1 656565655555556566
3 790977097997777099
4
3 790090900900007977
2 379773997777939777
2 397797973937397993
1 556656555656566655
3 000777977070709000
3 790900977779979079
3 790079900900990979
2 773733777999339739
3 979077009000999977
2 779999373393379797
1 655656656656555665
4
2 799737977793933733
4
3 790990909799990907
1 666656555666556566
3 700097909909797077
3 009070970770070790
3 700700997097799077
1 665665656565565656
3 990777779709099997
2 779779333939933397
3 779900799077979907
3 979009977970977779
2 377333973739739739
3 707977909097097777
4
3 907077970070000007
2 937937937379799373
1 665666556566656666
3 770097999990770700
3 799979770007079700
1 556656655565666666
4
3 797990990997997007
3 779979099077799090
3 790979097077007099
2 777797773377333399
3 097799709900979997
4
1 655666655656565655
3 990000770999979770
4
3 009079700970700979
2 337373399773337337
1 566556666655556556
4
4
3 533657735676557376
2 339739993937993337
2 293366222296636669
4
2 236922926669926969
3 755773675755553777
4
3 733736736577637767
4
3 567337565655655777
3 766777557356567735
2 269296932923666992
4
3 755666377735667563
1 656665566665565666
3 663575336537537373
4
1 002222220002020220
2 992992632363292339
3 537335363636763776
3 657756777737766573
3 656637377573336565
1 222002002202002022
3 353657677536765557
3 665756367366736557
4
4
3 356336777575556663
3 657766655565573656
3 673675633675377563
3 637363566577657657
2 293923299223226639
1 220202002202222000
1 022020220220200000
3 763636553336565556
4
3 566636666366567633
3 367365337656553367
1 022200220222200202
4
4
3 666353335337333366
1 200220022022202222
4
2 333932922232332233
2 926392366223269936
3 537676737655575667
2 363393396999236326
1 200202000022000020
1 220002000200022022
4
1 220020000222200222
2 669392222999633236
3 575565666555335635
4
4
4
3 337577755535675637
2 269623992399629699
2 392266322326933292
1 200202202002022220
1 202022222200022002
3 657533635665336735
2 963322922226622996
2 336623299926332232
4
4
3 366576653753736655
1 220222200000002222
2 936922392696393639
3 665365736666356767
4
3 355655757377567636
3 777773377666677676
3 366566755635733337
2 629269232236323393
1 022002202220200022
1 202220022000220002
3 556336657656363533
1 002220220222200000
2 692666996263332262
1 002200002002202200
2 633666269322929992
3 557375657375577536
1 220202022020200020
3 335366535577563536
3 576375775665366635
4
1 022200200220002202
3 773657775376766737
3 663335755733637663
4
1 002202022200002020
3 733765753376633337
2 396266363633326336
4
4
3 666763335757366575
4
1 202000220000222220
2 632223923229932929
3 363663367655567556
3 556557337336566676
3 577335655733756567
2 332966996662629992
