1000
1 010000011111011101
4
3 277227727772722727
3 727272772272772222
3 292992929292229222
1 101111011110001100
1 000110011111101011
3 292929292922992299
4
3 677977679677966996
4
3 722777227722222727
3 001100000111110010
4
3 111666116661161161
2 949084948409448848
2 049404909899999804
4
1 100100110011011110
1 110010000100011110
3 967677777776696966
1 110111100001000100
1 010011000011100001
2 849949009844400898
2 989044040494480008
1 100110011101101111
4
3 000011000001000011
2 089994090008894844
4
3 121222211221212112
4
1 111101110010001000
4
3 966669777966776799
3 994999444999994444
3 011011011101010000
3 679669997977669679
3 101001010100111101
3 101010110101110100
3 777976996977779699
3 779666766779666679
4
3 779969667766699999
2 809444400480448888
3 966769676777696766
1 100100111001011000
3 722277272727277222
1 100101100001100101
3 655656655556666555
1 110011101101111101
1 011011011101010000
4
4
4
3 966969769967976677
3 665656665655566555
3 100010101011000100
3 667969667799769767
2 904988480880480804
1 000101110100001011
2 090088809490900940
1 101011100011101101
2 089848000400888800
3 967697969669967797
3 616666116661111111
2 988884989844494449
3 229992229292922229
1 000101000101101001
3 909000009000000909
3 967799979799766777
2 888480844400880408
4
3 776969977667676976
2 949490448008009009
3 499444499999944949
1 011100000000111101
3 100000001111101110
2 884800009499009404
4
2 404444049004844404
3 767796696979976777
3 799769967796779797
4
2 800844098800889090
3 565655666565565565
2 900904448899940898
3 101011100011101101
1 001100000111110010
1 110101110001110101
3 111100111101011111
3 221222212211122211
3 727222772222727227
2 849999994448009880
2 948900949094900080
3 862688268688862882
3 262662228622886262
3 211222222221111111
4
1 111111010100011001
2 940809084444004898
4
2 490488409888980098
3 000100001100100001
1 929929299222222992
4
4
4
3 999944944449444999
1 929292292922999992
3 111100100100000011
3 100100111001011000
4
3 886228662686866628
1 929229992999229292
4
3 929929299222222992
3 862828688868282822
1 229299999929292299
1 929992929299292229
3 826886866266262868
4
1 299922922999922299
4
3 226622282866268686
4
3 222222211212212211
3 990999000009090009
4
1 299229992229299299
3 999292922999922299
4
2 008080808833833880
4
3 666666166666161661
3 656666565666555555
4
3 566665665665565656
1 292992929292229222
1 222929929222929292
3 268628268626826828
3 886822666282682222
3 499494494944944944
1 992229922929229222
1 929999292922292222
4
1 292929292922992299
4
1 999292292999299222
1 299299229299222229
4
4
3 112122211111221222
2 083033000088038838
2 080300808833030830
4
1 929292299292999222
2 038380803033000880
1 229992229292922229
4
1 999292922999922299
3 286682226222288222
4
3 277272222772227222
1 299222292222229222
3 494994944944494949
4
3 622282868268866282
4
4
3 282888826268868262
3 111101010010010011
1 992222222922999292
1 922229929992922229
4
1 101010111010000100
3 101100101101101011
4
1 101111100001110100
1 010010000110101100
2 033308800088038000
2 380808038880303383
4
3 282686282622888882
4
3 161111161111611166
3 222777222277277227
3 866288868662222682
2 080830038083300083
4
2 033880833303303300
1 001101110110001000
2 338308883038003308
3 822662222662262626
2 383083003300338830
3 000000090900000090
2 033388803880080330
4
3 262668822886622868
3 101100101101101011
3 682262266666666688
3 899899888999988889
3 211222222221111111
1 000100001100100001
1 011110010110000001
3 556566666656655566
2 000038803383388833
4
3 494994449994499499
3 999888998898989988
3 888898988888889899
2 830338380388383080
3 772772277777722727
4
3 656565656665655555
2 808303808330833000
1 101100000110000101
3 888998989998899999
2 833083000838383003
2 033800833003333803
1 001010111000100000
1 101100101101101011
2 330383083838308388
2 808383038383800080
3 990090090009999990
1 101010110101110100
3 888889999888899899
2 303883333888830300
1 100000001111101110
3 499444949444499494
3 900909990900000090
3 988889898999888999
1 111111010011110001
2 808080303888083033
1 101000110011001001
3 292992929292229222
4
4
1 111100100100000011
3 999090909990909990
2 266628822862266628
2 626662682822886686
3 272777772277772227
1 001101100111110010
1 111101010010010011
3 898998898998989989
2 826228882268226628
3 722227777777727222
4
3 211222222221111111
2 662288626862282222
3 999888999888988899
2 686882828286882662
3 656566665566566666
1 100001100100111010
3 989889999998999889
2 668286228266266268
3 999898889988989889
3 929229992999229292
4
3 889889889998899899
3 112122121212111222
1 101000000001011010
3 100011010101000111
3 988898989999888989
3 272777227727277227
1 101011000011101110
4
1 101100011101011010
1 900000009009000900
3 110111100001000100
3 101111100001110100
3 998998888989989988
3 101011000011101110
2 688228628228888268
1 999999009999090999
3 929992929299292229
3 888999998999898989
3 772777222277727772
4
3 161616161111116661
1 999090909990909990
2 268286668622886662
2 262668888226622282
3 101010110101110100
4
2 686228282626268662
3 889999889899898888
2 686288288822868826
4
4
4
3 558585558558855858
1 090009909990990900
4
3 588555588588885885
3 000009990000900990
3 588885888855888555
4
1 009009009999099090
3 858585885555858858
1 009000909990000990
3 611661111661161666
4
3 588585555885885885
4
3 585558558855588858
3 558885888858588558
3 121122111212121122
3 555888858585555558
3 655665556556566565
3 656566665566566666
4
1 990090090009999990
2 668868822266828666
4
1 900990090990099999
3 855585585585558588
4
4
2 822868628666886888
2 286222826228828888
3 099909099990999000
3 110101110001110101
4
3 100100011010100010
4
3 111101110010001000
3 229299999929292299
3 888558585858585585
4
3 558585888885585858
4
2 862666262682862826
3 888855885588885885
4
3 121112122121122111
3 499494494944944944
1 000990099999009009
1 099000900009909099
3 858858885888558858
1 000900909009009090
4
1 999909909900000909
4
3 885555855585858858
1 099909099990999000
2 886228686826682288
3 855558855885585885
3 161111161111611166
1 909000009000000909
3 585888585858588585
3 722777227722222727
3 611661116111116616
1 009099090090000999
3 000110011111101011
3 000101000101101001
4
3 122121222222111211
1 000009990000900990
1 000000090900000090
3 885558585585558585
2 226626228622868626
3 111222121112112221
2 282668886268866882
4
2 886262622268668262
2 682262222286668866
2 818010118801081108
1 900909990900000090
2 000881881818118088
1 990999000009090009
1 909090009909909090
2 180810008811181118
1 122212121222111221
2 001810081810801111
3 588858585858858558
3 888558558888885888
3 556655666566656655
4
3 000100001100100001
1 112122211111221222
2 080810110080881110
1 221121112112211121
3 111611161161611111
1 122221222121221212
4
3 722227777777727222
1 122121222222111211
2 110080111001018888
1 121112122121122111
3 722277272727277222
2 180088818811188810
2 188180818118010000
4
3 001101100111110010
4
3 799979997997997779
3 494994449994994999
1 222111121111212212
2 101108110818181811
3 110011101101111101
2 008010180100100081
3 779799999797779797
3 494994449994499499
2 801100881010801101
2 088811818880810881
3 010100011010110110
2 808800880000801888
1 222222211212212211
4
4
3 999499949444449999
4
4
3 222211211211212212
3 299229992229299299
2 801800011180808111
4
3 999999009999090999
4
1 121222211221212112
2 118001881018888110
3 665555665666565565
1 222211211211212212
3 779779997979979979
4
3 997979977997997797
2 008181008118111011
2 088008010018008881
2 118810001118081181
1 221222212222211111
1 121211221212111222
1 211211111222212112
3 116166116666661116
2 188000008188000800
2 110018801101010818
2 205025555502002500
4
3 979799997999997977
3 999999779797779797
1 212122211221122121
3 566566655566556655
4
1 111222121112112221
2 550550555505525005
2 055520025055222502
2 550220055500025050
3 616661161616661161
3 001101100111110010
3 999977779777779799
3 992229922929229222
3 100101110011100100
1 211222222221111111
1 221222212211122211
1 112112221111112211
3 221222212222211111
3 011100111000111111
2 002500520225250500
1 112122121212111222
3 010000000110011100
4
4
1 121122111212121122
3 779977779977799979
3 211211111222212112
2 025522025552025252
3 799779977779779797
4
3 010000000110011100
3 011100111000111111
3 112122121212111222
1 010100011010110110
4
1 011001100100110100
4
3 999799999777997797
1 001000100010000101
3 000110011111101011
3 979977977777797997
3 777999777977979777
1 101001010100111101
4
1 110101010000001100
4
3 100100011010100010
4
1 000011000001000011
4
1 100011010101000111
3 595599559999559559
2 222052220202220020
3 959959959555555995
3 599555559999555555
1 010010111000100011
3 559995595995999955
3 555999995595955995
3 559599959995995555
2 225022505002522200
3 955995999959555959
1 001000100111010001
2 250250052520002500
1 011100111000111111
3 955599555959595999
3 955555999555955555
2 022052522002552002
3 555959599955555595
2 252502252502520002
4
3 995959559955995555
4
2 000250002552500500
3 995999559955995599
2 502202550025000050
4
2 005505050555055052
4
4
1 100100011010100010
4
3 995959959959959595
3 955559555959959599
4
2 202250020505222050
3 995599999959595599
2 220202520555202222
2 520502550255250505
4
3 595599595995999595
2 202525255022522500
3 599555595995959555
3 995599599995999995
4
1 100101110011100100
2 050225255550255200
1 111100111101011111
2 202220252052505022
3 555955995999955559
4
4
2 770770007777770007
3 555955999559559599
3 559955555555599995
3 599599995995555595
1 010011101101101110
3 959599999555959555
2 700007777707707770
3 955955955995955995
1 010000000110011100
3 595599995599595999
3 559959595955599995
4
1 011010001010111101
3 995555559995559995
1 111100111001011010
3 995555599555955959
1 000101100001101010
4
3 599559959995559595
4
2 000700770000007077
2 777700700070000700
2 077007077007000700
3 995595999999999595
3 955599955595955995
1 100010101011000100
4
4
2 000070707000000777
4
2 077777770007007777
2 770070770707007777
1 101010110010010100
3 559559959959995999
4
3 595595955955959595
1 272777227727277227
3 595595995995959559
1 772777222277727772
4
3 995955559599999995
2 777770000700070077
3 595999959995995559
3 999599959599555995
1 277272227227722222
2 070777077000707777
2 770007770000000777
1 777277272222772772
3 995599595955555595
3 555959559555959599
3 559595599559559559
4
3 005005500000550555
1 722777772772277772
2 000000000707007077
2 007070000070007700
1 727222772222727227
2 000770000770070070
1 272222222272777722
3 505555050050500055
1 227222777227722727
4
1 777722722777277772
3 505550555000505055
3 505005000055505050
2 070707770707777770
3 055550050055550550
3 505005055550005505
2 000707700007007000
4
2 700707000000777077
4
2 777770000777070007
3 055050000550555505
3 550000005505055000
3 005550050550550500
3 050005000555555050
2 707707700070007707
3 500055505555505505
3 500500550005005555
1 272777772277772227
3 000555000505005050
1 722777227722222727
2 077077007770077777
1 727272772272772222
3 505000505505550505
2 733722727232233233
2 772323337772373773
1 277227727772722727
3 055550005005005055
4
2 333723332222227722
1 722227777777727222
3 550005055500050500
2 272327272332777232
2 323377277772732323
2 223722332337377377
3 055055050550050505
3 000055000505555000
1 727277227222222227
3 055505555505050050
3 055005555550505050
2 723773322322327732
2 722377723332237277
2 773372233777337723
2 333777333232373373
1 722277272727277222
3 500005050055550550
4
3 000505000050555055
3 550005055555550500
3 055050555000555000
4
1 277272222772227222
2 373223323373277272
1 777277727722277727
1 222777222277277227
2 377723332327327222
3 055505005055555505
3 500005005555050505
3 000555550055055055
3 500500000555555055
3 555005505550500550
3 505505505050050055
3 050505555555000500
3 055505555005055000
2 777272732337322273
1 772772277777722727
1 611661116111116616
2 232233322333733332
4
2 733723373323233237
4
4
3 005005500505055000
3 050050050500500505
2 227277233237233227
3 505505500550000500
4
1 616616666616616616
3 005555055550000005
3 050055050055005550
3 555000055000555500
2 727223273737333272
4
3 050505005550050555
2 272723722233237277
3 005505055555055505
4
2 237777233337227272
4
2 377337737237233327
1 116666166666166111
1 116166116666661116
4
4
3 770052055570070050
3 720527522557257200
2 922299099929922999
1 161111161111611166
4
1 616661161616661161
3 725570500525572575
1 166661111616666611
3 705755525202572255
1 616666116661111111
3 705025005502252075
3 525205570502250250
2 020992020992292222
2 290920220920999090
3 527252055025555720
3 702575052072255577
4
2 222902009200920229
2 022209222009020020
4
2 090229029222999292
2 092902990090090902
4
2 099020900290290020
3 025200702277525275
1 666666166666161661
4
3 270220225022225555
4
4
3 027500720250257577
2 222292920000290020
4
3 777550752202070272
3 052722772005502500
2 209022902929909922
4
3 055255702722722077
3 777750075072200220
1 166166611166616616
1 111611161161611111
1 161616161111116661
3 257570222020555552
3 250057225757070707
3 222502007070077505
4
2 022022229090202290
3 257527700020770222
3 005027577222222255
3 520025202002272722
3 022577522007022072
1 611661111161616616
1 116111116161166161
1 166616111616666666
1 616611111666616111
1 166611116666111661
4
3 752057725575070507
2 929920290290922929
1 611661111661161666
2 202209009929000202
4
3 005757252555220272
3 757522525077250772
3 225270502270757200
4
1 116616611111611166
3 077052072202205525
4
3 700052277007572072
3 227705572225200272
2 090222290290009200
2 992290020020209902
3 055025772002022707
3 525572207025005502
4
2 022022902229922202
2 902002292200229922
3 527002270500020277
4
1 111666116661161161
3 752725027757750027
3 225750220770255702
2 020202092099920999
3 070200577200077725
4
3 207020502227525075
2 920292009209222200
1 494994449994499499
4
2 009022999990099209
1 499994994999944499
3 257250720577577557
4
4
4
3 505577275075770002
1 499444499999944949
3 577227502220072270
3 722550550720207777
3 611116611111616611
3 116611161666616661
4
4
1 999999944999444949
4
1 494994449994994999
3 161666666161616111
1 999944944449444999
1 999449949944949994
2 555555055055000050
2 055500500505050005
4
2 555555500005055050
3 616616166616166111
1 449994449494949944
4
3 666166666166661161
2 050555055555550550
2 055500555050050005
1 494994944944494949
1 499949999994944494
3 116611111161661616
1 944999949494949949
3 616666116611111166
2 000000055505050005
2 050555050005050555
3 161166661616116111
4
2 005555555050555500
3 611161161166666661
4
3 611666661116161666
1 499999444444499449
3 161661116666666161
4
3 611161166116666111
3 661166111661666111
1 994999444999994444
4
4
4
2 000505055555555000
3 611111666161166111
4
3 611111111111611161
2 055055050555050000
1 444994444499944494
1 999499949444449999
2 555500050550055005
3 666611666161616661
4
2 550555000055550500
4
2 000055550050005000
1 494944449999944944
3 666166161611116666
1 499444949444499494
2 055000500005555505
3 616666616166666161
3 611616616166616611
4
3 116111616116616111
1 999944944999949944
3 161166616611616666
1 499494494944944944
4
4
3 116111111116616116
3 666661611616611666
1 994949999444499994
1 665555665666565565
3 111616616661666616
2 055550050005055000
2 050050000550055500
3 666666166661166661
3 616116166111616161
2 550555055555055555
3 111616616661116666
3 611111161161661116
4
4
3 166661161166111616
2 500055500500555550
3 161161111616161611
4
3 611111116666616116
2 550050555050005000
2 550550055050505555
1 655556666566656565
4
4
3 611661111661161666
3 666611116611666611
4
3 666666166111611661
4
3 661666161661116166
3 111166611116161166
2 252525757577775252
2 255277522577722752
2 555752555252725577
2 577225577277222555
3 111611616111661166
3 661161166616616166
1 656666565666555555
2 755277572555257722
4
3 661161111161116661
1 666565665565555655
3 166116666616111611
2 255277252775577222
2 225725552755527527
2 575272255522772572
2 557555225552752222
3 788888777877877787
2 255227722727757572
3 877877878888788877
4
3 788887777887877878
3 877878778887787778
4
4
4
2 225557277575572575
3 878777777878877877
4
4
1 655656655556666555
3 887887787877887887
4
1 556665555556666656
2 557752752277557522
3 778877777788778888
1 665556566555565655
4
4
4
3 877777777777788878
2 755555222575557725
3 778887778887778777
3 877887888777778777
3 877787877887787887
4
1 565556566665656556
3 788778777787888887
3 788778787888788778
3 787877788788778877
3 788878778778777877
3 888878877888888778
4
3 778777877888788787
3 787878787788787887
3 778788788787777777
3 788777787777888788
2 522575272727772772
2 752577755227275772
2 755775777225252577
1 656566665566566666
4
4
3 877887888888878888
3 777878778888888777
1 566566655566556655
1 665656665655566555
3 788788777878788787
4
3 788877887888888877
1 666565666566555666
1 656566665555556555
4
3 877877787777777777
1 656565656665655555
3 788787778777878887
3 778887788888878777
3 787777787878888878
3 777778787787777787
1 565655666565565565
4
3 777788787777878777
3 777777877887888777
1 556566666656655566
3 877877788878778878
2 525255722725772727
4
2 557277522272222255
3 887778787878878777
3 788788878878888777
4
1 655665556556566565
4
1 556655666566656655
1 566665665665565656
2 522555555272725275
3 787787788888888788
2 755775752572575752
3 887877888878877778
3 777787888778787887
1 666555555666556555
3 888788778887777777
4
3 777878787788787888
3 887788877878878887
4
