1000
1 616111111161116666
3 362266661233212226
1 161666666661666166
2 933553553359933599
2 959555999339555553
4
2 335555359559559333
1 161166661111161161
4
3 616161111666166166
3 212112231131362226
1 161111611666616611
2 335953599959999535
3 399399339339333333
2 539953553959939399
3 626161313226332166
1 161116666616661166
1 616611166116616161
3 666676776677677777
1 116666661161111116
4
3 399933399999939399
4
1 111666666166161116
2 359355595399399599
4
4
1 166616161161666166
2 999333533993553995
3 666616111111666666
3 656666666655665565
3 566555665655666566
3 711177711717117771
3 877878787777887888
3 132616166231331161
1 616111616616611661
1 116161116116666116
3 522552525552522225
3 661622323312611366
3 121131123326236661
3 616111616616611661
3 772727227777277722
3 623223613266226631
1 111611161116611661
4
3 677776766666666676
2 355593359359959599
1 161116116666161116
2 933395995559999959
3 216661623323323263
1 666616111111666666
1 661666116116666666
1 616161111666166166
4
2 553599953399599533
1 616161111661611161
4
1 666116661666616666
3 665665666666556556
3 667666666766676776
3 255255222555555525
3 999399333993399339
2 935555595593595959
4
3 621236363661231216
4
3 632213116123633663
3 161111611666616611
3 933939393939933399
4
3 162161123122266211
3 665665666666556556
3 888877877787877788
2 993933395999553933
2 393339953553999593
3 326213312333212366
2 993995399995595535
2 535395995993593999
2 959559535955939333
3 326311633161121166
1 116161166661616111
4
3 999399333993399339
3 262311112333233366
3 263312231366131166
1 111666661611166161
4
3 616161111666166166
1 656666556556565565
4
3 888787788878788888
4
2 993335933933599399
3 321266611163626123
3 999989968899989866
1 565556566665556566
4
2 553955953539333539
1 656666666655665565
3 999993999399333339
1 555555666655656565
3 339333399939999993
4
3 986668688988999899
1 666655665556666665
3 772272777227272227
1 556666665665655555
1 565565666655665656
2 539353593993555593
4
3 227772722727222272
4
3 698898999869966986
3 766766767776667667
1 665665666666556556
3 262266622262266666
3 666676776677677777
3 688686866669699969
3 555222222522222555
1 555655555556665655
1 556555665655665666
3 111177177111711771
3 393933933339333933
3 227772272272227772
3 889996888889968868
1 656555555665555555
4
3 117777111771777177
1 565666566556655666
3 986688968686899699
4
2 939533539959953533
3 622266666622222626
4
3 689989696668966689
1 555556555556566666
1 565655655565655665
3 966996996868689966
2 440404000040404400
3 668886898689988969
2 440440004440044040
2 400040044040044040
1 566555665655666566
2 404440400004004040
1 665555656666656565
4
3 227222227727722772
1 566656656566655656
3 662262226626266626
4
4
1 665656656665655566
3 898689888998996896
1 566555566665666656
3 266222662222262226
3 933933393399933333
3 969886986868898999
3 722727727777227227
4
3 996666896989688996
1 656565566556555566
4
1 939933393333339933
2 400044440040004400
1 999993393999993333
1 999333333993999933
1 993333393399399393
4
1 939399933333399333
2 004040044404400000
3 969689889688986996
2 004440440000000444
3 666676776677677777
2 404440444440040004
1 933939393939933399
4
4
4
1 393933933339333933
2 444000444044400444
3 555555252222522255
3 669898668868696989
3 566555566665666656
3 898966999889699988
1 339939999999339933
3 888877877787877788
4
1 993933939999999339
4
4
2 404040000040400004
1 339999999399333333
3 171717777711117177
3 778787778787787777
2 440400040444004400
3 252555225255222552
3 772727227777277722
2 404400444044444000
2 404044440440000404
4
3 161166661111161161
2 404000404440004444
3 677776766666666676
3 662626626262662222
3 393939999393939933
3 564465545666644466
3 111611161116611661
2 440000440440044004
3 464656465545546446
3 399393399399393399
3 877887888887887777
2 440040040444040040
4
2 404000444044044440
2 404400040444004044
3 778888778888877777
3 565465465564665554
2 004004404044400044
2 004040444004040044
4
4
3 664466444656554544
3 455664644455446665
1 339993333933999999
4
1 999399333993399339
4
3 255255222555555525
2 888686866888888688
3 666622262226262226
4
2 668686668868866686
3 887877788777878778
4
3 566564645645464445
3 933333999939399339
3 564464445645554445
1 993339393333333999
2 668888888686688686
1 933933399933399939
4
3 711117777771711771
1 933333999939399339
2 666888866686686688
4
4
1 939399333993999333
3 544455545565455545
3 546566645555464665
3 446455545564456665
1 393933999939933939
3 399399999933333399
1 333393393393393933
3 727772727772272777
3 622266666622222626
1 399399339339333333
2 668686868688686666
4
3 665465545444446466
3 565565666655665656
2 866886888868668688
3 664645654455564446
4
2 666666886686886686
3 111666666166161116
2 886868866886886888
3 456444555544555454
2 688666868686666686
1 933393399333999999
2 886666866688888686
3 227277772772777727
3 545544464456565446
3 664655544444645455
3 654445564555644644
3 788787787788777877
2 888868886688686868
4
3 525225255552255552
4
2 868686668666866666
4
2 868886686886868866
2 686868668686886668
3 272722777772227272
4
1 776767666676766777
3 622266666622222626
2 886688888888866888
4
1 667676677767777666
4
1 777677766776776777
3 272722777772227272
4
3 262222222662622626
1 767766666777777666
2 866668666668886666
2 688866688688688668
1 677676677667767777
1 666766777766776767
4
4
3 090009000900990099
3 656666556556565565
2 866668686866666886
4
3 090909900909099009
1 676666676766666767
3 999000909909009900
3 887877877888878877
3 393939999393939933
3 909000990009009090
3 333333999339333333
1 677776766666666676
3 909999900999009900
3 990999009090000900
3 099009909090000009
2 886868886868866866
3 525555522255522252
4
4
1 666776776777667667
4
4
3 009009009990990909
2 668688868666888666
1 777767667777766766
3 933939393939933399
3 900090990900000900
4
3 009900000090099009
1 766767666766766767
3 227277772772777727
1 667776777777677676
4
4
2 088868688666660066
2 800608800688808606
3 090999099900000990
1 676667777767766777
3 009900000909990909
1 667776676676777776
1 667666666766676776
2 680886080066008808
3 099099999990000009
3 666676776677677777
3 525525555225225522
2 606060000606006008
2 888660080080886008
3 555222222522222555
4
1 776676676767666767
1 766766767776667667
1 666676776677677777
2 068800680808800060
1 666766667777677677
4
3 888788778787878888
4
2 800800886608886866
3 266222662222262226
2 668866806000606666
3 525255525555222522
2 000088066008600806
1 676666767776776677
3 000009999999090990
3 566555665655666566
3 272277227222722227
3 933933393399933333
4
2 686686686660688800
2 080886606888666080
1 993999339393333939
1 993399939993333393
1 933933393399933333
2 866608688080660868
3 099999909000009909
2 688000066606608680
2 666668686660868868
3 116161166661616111
3 676666676766666767
1 339339333939933399
4
4
2 086868606060066866
3 900990099090900009
1 399933399999939399
4
2 086686888660888088
2 606800868800066666
2 608660060088086080
3 990009000000000999
4
1 933393999333333993
1 999993999399333339
2 808808686806068006
4
3 090090009900999090
4
3 339393933993933933
4
3 887778788788777778
3 696969999964994499
3 996994996999666469
2 808688608080060668
4
3 964694444466444664
1 399393399399393399
4
1 399339933993339939
3 777677766776776777
3 944449466966669696
3 469446469649994966
3 966999664696996499
2 979977696967878869
3 399339933993339939
4
4
3 666622262226262226
2 697779799998699987
3 499444949696999944
3 666766667777677677
1 333999399993339933
3 939399333993999333
2 986968977968677866
2 766778868879779897
2 999969887969766879
3 999993999399333339
3 933939393939933399
1 399999393933333399
3 772722777227277727
1 333333999339333333
3 664996949696999464
1 393333993339999333
3 772777222272777777
2 979697666999799768
3 949466966494996694
3 446996996996964496
2 889676869899869998
2 798866878788997879
4
1 399399999933333399
3 887877877888878877
2 699699967666696779
4
2 996767968899778869
4
3 646696694464464966
1 393939999393939933
2 886669788986979999
3 616161111666166166
3 449949666649664966
2 776777876977797766
3 616161111666166166
4
3 522525225525255225
4
3 662626626262662222
3 616111111161116666
3 888788778787878888
4
1 393339999939933393
2 777667686899967676
4
3 766767666766766767
2 667696876789866668
4
3 666694996664496449
1 339393933993933933
3 666699699966446669
4
1 393333999333333399
3 111177177111711771
4
1 993333999399933339
1 339333399939999993
3 877878787777887888
1 887788878788777878
3 449999944446646944
1 778877887887778878
3 555556555556566666
3 494694966499464449
2 996769976666776689
4
4
3 525525555225225522
3 499464946999999466
4
3 664646969496649999
1 888877877787877788
3 393333993339999333
3 355433535453955444
1 787788777788888877
3 449559339599944595
4
3 435394399543943955
1 777787787778778778
1 887877877888878877
2 888796699668686779
2 898769978996698778
1 787777778877888888
1 887778788788777778
3 955493554595955959
1 888788778787878888
4
2 797998887976989699
3 334333959355934934
3 535455353399534535
4
3 999595334995495544
4
1 877887888887887777
3 433335393934949994
1 788787787788777877
4
3 535939544555334454
1 888787788878788888
3 544595333333554544
3 433345399394353933
1 778887777778887887
3 944934559339499599
2 787778867996689668
3 399435595499959455
1 778888778888877777
3 933359444534544534
3 344344343939549939
4
1 888778787788787778
1 877778888788788788
3 449595449549945499
4
1 888778777777888788
3 434954955543554443
3 433555394353533934
1 887877788777878778
4
2 868968878799787679
3 494399334333955594
4
3 433543499544354995
4
4
3 934555959593435545
1 877878787777887888
2 165551155144156445
4
3 949995355449494593
1 778787778787787777
3 954955933454495399
4
1 777222722277772772
3 399353459345944993
1 227772722727222272
4
2 644141646415151166
4
4
3 553553394353334944
2 611615164654151654
4
1 777227227722227727
1 222727777272222772
4
1 727772727772272777
2 561454564564114461
1 222722222722727272
3 953445595595559395
1 227222227727722772
2 145645661661566565
4
4
3 553494449549594555
3 595993954999594534
1 272722777772227272
3 434395395443539944
2 546544464514555144
3 599394933944454443
2 515641454114554411
1 227772272272227772
4
2 154165561411654141
3 345333549499445594
2 111566554455445566
3 335359459494449935
2 156655545644611151
3 945539335335353535
3 449999535545534445
4
3 555339593393359549
3 435955439955434339
1 727722777227777777
2 556514614116544144
2 511114566516661114
1 722777222722772722
2 561411445614564165
1 772722777227277727
1 772727227777277722
1 772272777227272227
3 943349394555933534
2 561665561455454151
3 543435449435959939
3 949495495339953934
1 227277772772777727
1 722727727777227227
2 115641545545414546
1 272277227222722227
3 344393443335944394
1 772777222272777777
2 545551615155651456
4
2 564465555166441664
4
3 505005555505555550
4
3 050550055505005050
2 156565546516554154
2 456651661564444165
1 222272777772727222
4
2 156114465565615514
4
1 277722222272272727
3 505050005555555055
3 555050005555550005
4
3 500055500055500055
2 010010111010101001
3 555550550500505050
3 050550000505550550
3 000500555050550505
1 626626222222222222
2 010100110100010011
3 005055000500505000
4
4
3 005555000550055050
1 262222222626226262
2 111110010010110100
1 622662622622626662
2 010011011011111101
1 226226226266662222
4
1 662626626262662222
3 500000500555055050
1 262222222662622626
2 011100110010000100
2 111000010110101000
2 110110000001001101
2 000110101011110010
3 000000005500505055
3 000505505505500555
3 000550505555055555
3 050555500505000005
1 262662626262262222
1 262266622262266666
1 266226626662662226
4
2 101011001000010000
3 555000005550055555
2 100110100111001000
1 622626626262226226
1 262262622266222262
4
3 050555505505500005
3 505005555500505055
3 550555505005500000
4
3 050050050005000050
4
2 001111000110111100
3 505005505055500555
4
3 555505550050505505
2 110001010000001011
3 000005500005050555
3 005555555555055550
4
4
4
3 550055550505050005
3 000550500005000055
4
2 111011011000000011
1 666622262226262226
2 010001101010111101
2 010000000010011111
3 005005500550055555
3 005005500500000005
3 500000555555055050
2 001101010010111010
3 055050005505550505
3 055550555550555055
3 050500055550005550
2 010110001010111000
3 505500055000050050
2 001011110111011111
4
4
3 055550050500500005
3 500050055005055550
2 001101010101110000
1 662262226626266626
1 622622626222222666
3 550050505055500505
4
2 111100000010011110
3 050555550555055005
2 468664684864666644
3 050000055505500005
3 500555555550500505
3 505550555500050055
2 466684866464488686
2 884666888448666648
3 444664664464666444
3 644666464644666644
2 666888848846864844
1 266222662222262226
2 846668668668466846
3 644666646664464464
3 464464664646464664
3 466666444466444666
2 868484648864448686
3 466466464664664466
2 864468888466448646
3 666664466444466646
3 664446466466444644
2 886846864668446866
2 866864648666486486
3 664464466466464446
3 464464646666644666
2 664844664884646868
4
3 444664646444446464
2 848484688644688444
2 666686464668646846
3 446646444664444464
4
3 664446664446444446
4
3 464646644666644666
3 664464466644666466
1 262262626262666262
1 226262226626666222
3 466646446644466446
3 446666446664646446
4
4
1 222222266662262662
1 622266666622222626
2 688464668466644848
3 446644664644664446
4
3 464644646666664464
3 444466666464464666
4
3 466664444666446666
2 848488866448686888
3 664466664464646666
3 666664446666664444
3 466466464646464666
4
4
1 666662626266626226
3 466646646644446646
1 222255525522552522
4
3 666444466664446466
4
3 444646446666446466
2 888646646846866688
3 466646666464446444
1 252522552525222525
4
1 555222222522222555
1 255525555525252552
3 666464466444666446
3 446664644464464446
3 646646664646464466
1 225552255555222522
3 664466446464664464
3 644466446446444666
3 666466446466466644
4
4
1 525555222255522255
3 444666666464646464
4
2 844464888444844488
4
3 446446646646446444
3 664446644444464664
1 255255222555555525
3 444666444666466664
2 686448884886684668
3 466646444464466664
2 464468464848888666
3 646664646644446644
3 661661556553365366
3 666511661315556535
2 488684884668484868
4
2 444868486886646664
2 221441124242142241
1 525525555225225522
4
3 661666336113315635
3 553616316563136651
1 525255525555222522
3 631631556151136311
2 141144442214422122
2 141444221111214444
1 522525225525255225
2 221424221144244412
3 616665331165666356
3 351365151563655315
4
3 656611155335366151
3 556553131351166636
3 631156133611535163
4
4
1 555555252222522255
3 663535333636665353
1 525225255552255552
1 522552525552522225
3 661166555135363636
2 111424222442424111
3 361165363161111556
3 556651133351551516
4
2 222414114224212242
4
3 315533151365565161
3 363351113533633666
4
4
3 636166161665351656
2 441124242141411221
2 242144441111414241
4
1 255522225522252555
3 133611336656556115
1 252255255525255552
3 161633353151563131
3 163655663653313155
3 653156361561656615
4
3 563611166151553611
2 421224441242412122
4
2 244441114244441412
1 552522552255522252
4
2 144121121242211124
3 556135131133166131
3 656116633151653553
3 653366511615116616
3 156316663516553565
2 241214411412441442
3 651516356533533635
3 113136653651633656
4
2 211444124441124241
3 633553663335663363
1 252555225255222552
3 363336535161365135
1 525555522255522252
2 224441421141211141
4
2 142224111244441242
1 225252252222525225
4
1 522555222225255255
4
4
3 536511156331663165
2 412444411142142442
1 171717777711117177
2 222111441411221141
3 565155153161611536
4
1 171711711117117771
3 565536165131561615
3 115135563561636613
3 611363313113136633
3 113633361661331661
3 611353551333613355
2 142144241142244412
2 212442442244424242
4
1 177111177111777711
1 111111717711111711
2 444242224212241421
1 111177711177717117
2 915159197115975779
1 117177117117771177
4
3 655566353651531111
2 779997911777915999
4
4
3 333516331335616153
1 717117117171717177
3 513516665655611665
4
3 888885585588858885
4
3 885858858858855585
1 171711717111777717
3 855558855888588855
3 558855858588855555
1 711117777771711771
1 117777771171711111
2 757791179517711779
4
4
4
3 585855558885858555
3 885585555555855858
3 858885555858888558
2 199995997511117579
2 595799115551711555
4
3 588858885858555885
1 111177177111711771
3 585885558558585555
4
3 858555888585585858
2 119959757159719599
3 555555585855885555
3 888558858885588558
3 855558855885885558
4
3 558885855585888555
3 885555885558555585
2 111797955195711959
3 888885588888885858
2 151157119979157575
3 885885585585858588
3 888885855855855885
1 117111171777177111
3 555558855888855585
4
3 585855555855555885
3 858585558555858885
2 111771579777119751
3 888585885555555585
3 558585888558558888
3 588558558858558585
1 171771711177711777
4
3 858585858555588885
2 579597177517917779
3 558585858555855888
1 711177711717117771
4
2 777975757919571975
4
3 858555885588858885
4
1 117777111771777177
4
2 577179995115995917
4
4
2 719171157175955797
2 791977799999775977
2 717797191557997771
2 115751555197751917
3 585585585555858555
4
2 151975995777557157
3 555585855558858888
4
3 558888885855585558
2 575195591111511755
3 558558558555885858
3 858585588558558558
2 511197511555197771
3 855855555888855555
1 711771711777717171
3 555558858855855885
1 177111117777771111
4
3 885588885555585555
3 585588555588855588
1 177711777771177117
3 585855585888555858
4
1 717717171777771111
4
4
2 791975911915711995
3 888885588555555885
3 558588558888858555
4
1 171117117117117177
3 585855588588885855
4
4
