1000
1 011001000100100000
3 555554555445545554
1 000001011111011101
4
3 001011101010100111
4
3 221424441242442551
3 441141144414441411
4
2 886869966998968696
2 999869886868898966
3 066666606660600060
2 888968868896988969
4
3 151155115115551515
2 999996996889989998
1 001000000101110110
3 524255522252541225
1 101101100100101000
1 100001111001101011
3 660666006660006066
3 433343344434333443
3 333737333773337337
1 001011101010100111
1 100011101111011000
2 886899688869998666
1 100000011101011110
3 606660606000600600
3 551511155551151111
4
2 688668968868986668
2 669889689886686969
2 868968966998896999
3 773773377373733777
2 686866868668868866
1 011100010101100100
3 454445554545544545
3 114224122521121211
4
3 399993339393339933
3 152212554512412255
3 545241512142112512
4
2 668888666869889989
3 554142121212142124
3 334344434344444343
2 666968989666889986
3 333337333333737373
1 001101001001000111
3 242144214542425111
4
2 999666869899866869
2 868688668899889889
3 443334343444334333
2 689966888869896686
3 122222211112212111
3 244125415514545121
2 868689868968866866
1 100000110011001010
4
3 452454524551224145
3 524444245424112441
3 414144111411444144
4
1 011111100010111101
4
4
1 101011101011000110
3 444334343344333334
4
3 433434334334334334
3 999999559555955599
3 215212152144542242
4
2 689898999996668996
1 010000011111000000
3 414414141114411441
2 969996686896668998
2 666999866666989968
1 010001011011100100
3 421151422114451151
2 969986986966869668
3 737773337333737373
2 969988698688698968
1 000111110100100000
1 100001111010001011
2 117010701171771007
4
3 215124151141255542
1 001111101000010011
4
3 444555422454454415
3 111122111112122212
3 114411415414525244
4
4
3 433434334334334334
1 100100100101101000
4
1 011101001101101000
4
2 000017000110777177
3 325995233929255592
3 455554554554444544
1 454555454544445454
1 555544545445545544
3 392539329293529222
3 114444444444144111
2 771111007011170771
1 544545555444454544
4
4
2 707711771107110007
3 666000066006066060
3 060066600666600060
4
3 011101001101101000
3 121121111111121211
4
2 077710710171711771
3 559559599599959599
1 554444454554554444
2 110110100707707111
1 545545444454444444
1 555444555445545545
3 010000011111000000
3 593599923599339259
1 544455554444454544
3 411111414444144144
4
4
3 529295259929222322
3 535539332522923552
3 553935522933292995
2 700101770711101011
4
3 144141414441144114
3 235593329592522933
2 177011100717070010
3 595955999959959995
1 554544555454555554
1 455554554554444544
4
4
3 060606006006060660
1 545555545455445444
4
4
2 171070001017107100
3 666000066006066060
3 399993339393339933
3 411114144111144141
2 000707007101717171
2 070001100707071010
4
4
3 333733337337333337
1 445544445445545455
4
2 117170710077770771
4
2 117177707017107001
3 399393939339993939
3 399939933993999339
3 100000011101011110
1 454455444444554445
2 707071000707100177
3 392959299325952235
3 666000660006060060
2 171007077171177770
1 454444445545455544
1 444445444445544545
3 225539935559353392
2 170177177000777711
4
2 700717701777707071
3 592333225922339533
2 111010171001710111
2 001701711777017177
3 777777373373777337
4
4
4
1 555554555445545554
2 117017771011177177
2 565666666556665655
2 666566566566555656
4
4
3 993532535235992995
3 112212221112212121
4
3 334344434344444343
1 454554445544545554
3 333355392955533532
4
1 454445554545544545
3 595995959955559955
3 925559935323399229
2 656555656656656565
2 555665655555666656
2 665656666665556655
3 121121111111121211
4
4
3 259935952992922332
3 555992333959292232
2 655666656565566666
2 665656655555566555
3 670760007660776076
4
2 565566556656656565
3 454444445545455544
3 444441111111114444
3 706070066677700606
4
1 455544444454555455
2 666556666656556556
3 933393393933339933
4
2 566555566556656555
4
3 595955999959959995
3 706066677770066007
4
2 656656566655566665
1 555454554544454554
2 665656656666655566
2 565565566656666556
4
2 566555565555566566
3 111515551155151151
1 444555555544555444
4
1 773733737773737777
3 770666070667670606
3 333337373373337777
3 555555959559559595
1 737777333373333737
1 773773773333333737
2 556666666556566556
3 441411444414441444
1 733777733373777733
3 100011101111011000
1 333337373373337777
3 060660677006000077
3 999999559555955599
4
3 007600006076667070
1 777337737333733333
4
4
3 767677776676060677
3 706666767067666007
4
3 115555515115515511
3 067770006766666677
3 111114114444144411
3 660060006666606060
2 656566665655555555
2 665656566565566655
1 733773773377377773
4
2 566556655555556666
2 665666656566666666
2 555656555655565655
2 177771717727772722
4
3 455554554554444544
2 121117211771727721
3 334343333344433344
4
1 333377737777773733
3 010000011111000000
3 766006770077676660
1 737773337333737373
4
1 773373733337373737
4
3 011100010101100100
2 112112771127112122
3 212121111222112211
2 772727777721272277
2 277717771111222112
4
3 112222122211112212
2 272171121271771727
3 993393333339339393
3 066660076000607606
4
1 773377333373337337
1 773773377373733777
3 766760706777670607
1 377337777773337377
1 333337333333737373
3 151515155515555111
3 773773773333333737
2 727717271212211772
3 066007770677677760
2 171217212121121112
3 000111110100100000
3 343333333433434434
3 101011101011000110
3 070006667766760000
1 333737333773337337
3 077766700670000677
4
3 789808977889989088
1 337373777337737373
2 272277712722227272
3 999897700787879008
1 333733337337333337
2 111727711227112712
4
2 221711221712721717
3 066666606660600060
3 555555551511511551
3 060066660006600060
3 414144111411444144
3 900889789909079998
3 114444444444144111
2 721177177777111721
4
3 807097088878989098
3 807079898899890789
4
4
1 737777337777337737
1 777777373373777337
1 333377773373777337
3 880078870000887880
4
4
1 595995959955559955
3 121111112111222122
3 666000066006066060
1 999999559555955599
3 444555555544555444
4
1 599995559599559555
3 444111144114411144
3 089978887988878070
4
4
3 808007970998980890
4
3 737773337333737373
1 595559599559559555
3 595559559599959955
3 434433333343334334
4
2 127171227721727227
3 554444454554554444
4
1 595959555599959955
3 445544445445545455
1 595955999959959995
1 599995999955995959
3 515111511155155515
4
3 009990787099099077
3 779788889078788870
1 595559559599959955
1 955995995555999959
1 999555995555599559
2 712712111172271172
3 399939933993999339
3 455544444454555455
2 721127772221771211
3 799087998099777970
4
4
1 559559599599959599
1 559559955959559555
3 333377737777773733
3 933933999399399993
3 344443444344344333
2 222711221772221721
1 959559955595559595
2 772112777271712122
1 995959999959595555
1 599559955559559999
4
1 995959959559559959
2 172177777712121127
1 595999955955559955
3 988970090990087008
2 711121227721271221
3 454445554545544545
3 445544445445545455
4
4
3 077909908777908777
1 999599559955595559
3 777337737333733333
4
2 712112271172172272
3 222221112111222221
3 115115115115511155
1 555555959559559595
1 599559959595955999
4
3 339393993993339399
2 208112020818122128
1 060066600666600060
3 434443434434333333
3 115115115115511155
2 200008880000282088
2 120200088010020000
3 266666600362300630
2 111100100808022188
3 444111441114141141
4
3 333999939999399939
3 222221112111222221
3 511155155111111551
2 211888228111000881
3 554444454554554444
4
3 260022306302236260
2 818210828200080028
3 632202226232302600
3 444111441114141141
3 100100100101101000
1 666000066006066060
3 666600660066606660
2 122188222018221220
2 008800202111082228
3 333377773373777337
1 606660606000600600
2 811100820280822218
4
3 555555551511511551
3 003232603226263602
3 155511151111515511
2 120182800200112180
4
3 010001011011100100
2 018811112080888001
3 333999939999399939
3 939339993399339939
4
2 028882182801811100
3 636366003626202326
3 200630066632303020
2 028802822802820020
4
2 200818121212018181
1 060066660006600060
4
1 066066666600060006
2 012880220821112802
3 332022266332660366
3 022602006326663203
1 006666066666000006
4
2 188020281082182221
4
2 822280228812828020
3 333377773373777337
3 595559599559559555
2 181110802108021208
2 212101208021880008
3 226033323336660603
3 660060006666606060
4
2 228228082028108100
4
1 066066006006000660
3 411114144411111114
3 100000110011001010
1 060606006006060660
3 544545555444454544
1 006666006000066000
1 666606000660666000
1 660060006666606060
1 060000606666666660
3 773733737773737777
4
1 066666060600000606
3 060066660006600060
4
2 424624694944296944
4
1 666000660006060060
1 660666006660006066
3 330200066060032660
4
1 600066060606600600
1 066666606660600060
3 999333993939333993
4
3 066666606660600060
1 000006060006660006
3 454554445544545554
1 606006600666006600
3 026202303230366623
3 411114144411111114
3 212121111222112211
3 999993333333933393
3 677077677662700677
3 260600266626060007
2 429969294992224669
1 666600660066606660
4
1 444111441114141141
3 027772260227066766
1 441411444414441444
3 066600006667022267
2 224296664699424442
3 602707622077620227
4
1 414144441441144411
1 411111414444144144
3 062676606020072762
3 627726222007260222
2 464242946924299246
1 411114144111144141
4
3 606776267600776020
2 442926942992466264
3 266677262072700077
4
2 426426269294292669
2 626496246949644646
3 602702072067222622
3 662677720600722727
1 444441111111114444
1 414114414144414114
3 276662666662760067
3 767070022602722762
3 777607667272660706
3 607772277666270677
3 020220777670622206
3 727260077222622072
2 992942994622222244
1 114444444444144111
4
3 066766770707767760
3 202770002772260677
1 111114414441114414
3 660267666607220626
3 066262660626000277
4
2 662992922922494669
3 660076062000022677
3 026260260077227027
4
2 669466462222946296
2 444462464266296426
2 264969964999229964
1 414144111411444144
1 441114444444414111
1 444111144114411144
2 969426626449944446
4
3 062720000070076767
3 627766000062626766
4
3 666202660662070620
3 026007600666726272
3 667760267277200207
4
3 772007077626076672
4
2 949694649246942994
2 224429262946994642
4
1 411114144411111114
1 444144444441444444
3 002260222776066222
1 444444114411114411
3 002606076277700270
2 449644444266422499
3 062767672072022220
1 441141144414441411
3 766072660272207606
2 446426299429929469
3 627200602077227622
1 111114114444144411
2 924996294246222694
4
3 267006007227666760
3 606627226600006027
3 772702607060606276
3 767072767207277607
3 667266720077666000
1 144141414441144114
4
2 649964666929994462
1 414414141114411441
4
3 702726007207722720
4
4
2 294696942464242622
1 114144444444444111
1 339393993993339399
2 444545445554554555
1 339933399939993393
3 688625522522552668
2 444444545554554545
1 333999939999399939
4
4
4
4
2 554554555544445544
1 939339993399339939
3 288285526868265826
4
3 285262686868688568
1 333993399993393393
2 454455544554555444
1 933933999399399993
2 545555454445555554
1 993393333339339393
2 544455454544555455
3 282226885866285288
4
4
3 856626822665656826
1 999339993339399399
1 999993333333933393
4
3 586252565682865286
2 454454445454544445
3 582686885688858286
2 545545555455455555
3 586652286522682855
1 933393393933339933
2 555444555444545544
2 444454444454545545
3 625655662625666666
3 855685566868562258
4
4
4
3 585225662665522588
4
3 628552555526668288
1 393339399393399939
2 554555454445544554
3 856265256288868622
3 888526288262222285
2 444554554555444554
3 855568282658265622
4
1 399393939339993939
4
4
2 555444455445454544
3 652652228656862225
4
3 565222256586555282
3 262825222286565565
3 526562856856686562
2 545455555454555555
1 999333993939333993
3 888855625262282688
4
1 933939393339393339
3 285256855828652888
3 262828588558888656
2 544545544454445454
3 656522628688255656
3 255822828225528568
3 862686888266255862
3 822585852526886688
3 582585685582585866
2 544445454445445445
2 454545455544545555
4
4
1 999333393993993933
3 858625862688658568
3 868556826856555652
3 526828268526662222
4
2 454444544444544555
2 454444554455444555
3 526526852656655285
4
4
3 622852822885256652
3 855652685585858288
3 525662666562528628
3 282285885888865555
3 686222522258855586
2 445454444455454544
2 303005005533333555
1 339933339333399999
2 505053335055053550
3 665826665826856226
3 628582685656886258
1 399939933993999339
1 993933939993993333
1 399993339393339933
1 333993933333339399
2 330053055330530355
3 568868522282656656
3 858228665552885855
1 212121111222112211
3 212121711711221121
3 217277127722127771
2 030305353050500353
3 222721122272712211
3 772171121177771177
1 221211211212112222
1 221221121211221221
4
3 217127222127712122
3 221117212121221772
3 222272772172211272
1 211211221222111221
2 530303003030555050
3 117111122711711772
3 777127717177271712
4
3 227777727212277222
3 112727712222217127
3 271771722171221712
4
1 121112221121221221
1 121121111111121211
1 121112222212112222
3 211772272117711227
3 721211777212211772
3 727211171777121177
1 111122111112122212
4
3 271711721117777727
3 227722271271227212
3 772177777721112771
3 271211171117721211
2 530503505330305333
2 555553535503030030
1 222221112111222221
3 221122722777111111
3 212171217721727227
3 771771221122121121
4
2 300553530335053330
1 121111112112112112
3 221222127772277111
2 053555053030355053
3 122711221722112721
2 350533555033303003
1 112212221112212121
2 300303553003053350
4
3 112121727127211771
1 122222211112212111
3 721117771272172277
4
2 035305030503503335
4
1 122111221111111122
3 711772171217722727
1 112222122211112212
2 003300505530550000
3 721111771121777212
2 535535533330055000
2 335030035000035530
4
3 127122221171112721
3 711112212712772172
2 005530533505333005
4
1 122222212111112221
4
2 505053035350550553
1 211111222212122211
2 300303550050000030
2 503055550550355303
3 121711277177277777
3 227712171227222711
3 122171771721117121
1 112111212112222121
2 053005330000300350
3 712117112711727721
4
4
4
1 121111112111222122
2 141422141122414424
3 771211712727122171
4
1 121111211211112222
1 121212222122221112
4
4
1 115155151155515551
3 777772112117222772
3 277277171171211722
1 115555515115515511
4
3 721772171712111772
3 271712171217177727
1 511511151151551155
2 144414221241211144
3 217217717111211211
4
4
2 422214441124111212
4
2 142424221141221244
2 421142122412142424
1 155551515555155111
1 151111155511115155
3 433435453455354554
1 551515511515555551
3 354443534335545554
3 444355335354433553
3 444553353345333543
3 354444453554545444
3 434544334544533353
4
2 421412414444422442
3 435343534553445435
4
3 435443553443355433
4
3 444435455553443453
2 444222421424424444
2 442411211444122421
2 444441124421211212
4
2 241412444142112111
4
3 333544354445345335
4
2 222141121222422424
3 333443355535434343
2 442422411114414112
3 355433345435454453
2 121444444224424442
1 511155155111111551
3 433334553545334534
3 555343445453354354
2 111122421212241422
4
3 345354455444344434
3 433453555553435343
3 534335343455454345
3 443445434533354353
3 345453534555455545
2 142112212214444214
2 142142112221421424
3 344455335545444334
1 115515515155515515
1 155151115551111515
4
4
1 111515551155151151
3 545355533545543555
4
3 353443445333344353
1 555555551511511551
4
1 551511155551151111
4
4
1 151155115115551515
2 244412441212141412
3 455544343434454555
3 555544454545544445
1 551555515511551111
1 151515155515555111
3 335443533435444334
3 434433443354443354
3 535345343344333553
1 515151515515515555
1 111151555155551115
4
4
3 445435444543454554
4
1 115115115115511155
2 141121241214442212
2 222124141424242241
3 443534355544334545
3 344343533343335545
3 434555555535435553
1 155511151111515511
4
2 441212244444212144
3 355455333445444454
3 445554443444344344
3 443453444433454454
3 534533553334455443
1 515111511155155515
3 433455534443434353
1 443334343444334333
4
4
3 343533545433343555
3 544445355534533453
4
1 343443343344443333
2 331311331131333311
4
1 334344434344444343
3 355553354435445533
4
3 454353355354333354
4
1 433344443333434334
1 443343444334344443
4
1 433434334334334334
2 133111313313113313
3 444474747747447747
3 474447777444444774
3 474777747444747444
3 477477774447777477
3 477774774444444774
4
4
3 474444474477444444
1 433434344344443343
2 333311331313333313
3 777444747474447477
3 744744447474474444
1 344443444344344333
2 113131111131133331
4
1 334343333344433344
2 111333133113331331
4
3 774744477774444777
3 744477477477774744
2 333311333131131113
2 311331113111111111
2 133131133111313311
2 311313311333111311
3 447744447444744777
1 443334433344334433
2 313311111133313331
1 444333334434433443
4
3 774744447474447477
2 131331111133333111
3 744477744774444777
2 111111131131113133
1 433343344434333443
4
3 744447444447444774
2 313333111113133331
3 744744474774477747
3 447747474474744444
2 131313313113133311
3 447474747474474747
1 333433333433343333
1 444334343344333334
3 744747444774777447
3 444447477747447777
4
3 747447444774444447
4
1 433444443434343433
1 434433333343334334
4
2 331111133131331313
1 333344444334344333
3 477447474477747474
3 777744747474477777
3 747477447474777474
2 111313333111113311
3 477477744744477477
3 474744444474447477
3 474474444774774477
3 747474477777747447
4
4
4
3 474447447744444474
3 444774774744747774
3 747444777477744744
3 447777744777477474
3 444444774447447447
2 133113111133131133
2 133131331311331113
4
3 444444744444477747
4
3 777474474444474477
3 444477774747774477
1 444444344444343433
2 313111313111313113
3 774777477474777447
1 343333333433434434
1 434443434434333333
4
3 477744747744774447
3 744744447474774747
4
3 777474774744477474
2 111133311133333131
3 474774447774747744
