1000
1 525255525252255255
2 661111166166666166
3 540047004545777755
3 311311331313133331
3 555552522252555525
3 449444499449499449
3 767666767767677666
3 111010001001110011
2 611616111661616666
3 003303300033300003
3 313111331331131113
3 333313113133331313
1 225525255522252522
3 747505744704750440
4
3 044554405750477077
1 552552255522555225
3 767776676666676677
2 666166666116166616
4
1 522525225555255252
1 225225252522552525
3 570500075074705505
4
2 161616616116116616
1 255522225225555225
4
2 666616616611166166
4
1 552252225552252555
1 525555555252222525
4
3 449999949444444944
2 161111161666116111
3 033300300330300303
3 407574400404700577
3 499499444494494444
4
4
4
2 161161661161161661
3 405575540574550750
4
3 705554445750575744
1 525252525552255552
1 252252252522525522
3 050040070040744745
3 886688668668886666
4
1 525225222525552225
3 668666886686668866
2 111116666661611161
2 166616116661616616
3 055474555045005455
3 033300300330300303
1 222555222222555255
3 003303000330303333
3 994994444444949499
4
3 504757777744744007
2 666161161166161611
3 070574745555005705
2 116616111166616166
4
3 844484844484448448
4
1 225252222222255225
1 525225252555522252
4
4
4
4
3 444444449994944499
3 133313311333113133
4
1 225255525255522255
2 666116111166666666
4
2 666111166666166166
1 525255555252222222
4
3 994994444444949499
2 111116161661116161
3 448888444884448444
2 611111166666116616
4
3 454577047450744045
3 000477004554477447
2 616661616611611111
3 004405045700457055
1 222252522522522252
3 740740407050500554
3 999994949444449944
3 777676767767676666
4
3 488848488444444888
4
3 868688868686688666
1 555552522252555525
4
2 616161111116666161
3 000188180888110110
3 018888100110080101
1 525555252522255222
3 010181108110081811
4
1 225222525255225555
2 661166611616111666
4
4
1 311311131313133313
4
2 111616116111161166
3 225222525255225555
3 525555252522255222
3 688868668668868666
3 118808101108108810
1 131311111313131133
2 661111116616616111
2 000666060060600606
4
2 060066606000600066
3 110010011000101010
3 886866686686666868
3 001010810110811110
4
2 066666666006066006
3 818011800110188118
3 110100101801811088
4
1 333111331111333311
1 333331313331313111
2 000600600600666606
1 331111333311313313
1 113311131331113111
4
3 110118108880118101
1 111131331313133331
1 311311133313313313
3 110818181118000111
3 313111331331131113
2 660606666000000006
3 011080811108118181
3 444449949994499494
1 333313113133331313
3 010000801080108800
3 801081808888000088
3 003033003303030303
2 600666606060666006
3 810100011810100110
3 113333113311313313
4
3 800008881088818811
3 999449999444999999
3 008101188008881110
4
1 111131133131113113
3 686888666866866686
1 313131331131313331
4
2 000060066000660666
4
4
3 808108181001011818
4
3 848448848848484444
3 088081180111110108
1 133311333113133311
1 331133113111311333
4
4
4
4
3 101811808100811011
3 999449999444999999
3 000880100118100808
4
3 999449999444999999
2 066600060606666000
4
2 606600606006600600
4
4
3 811188111111818108
3 888888666866866668
3 118108001811111808
4
3 884448844444884848
2 000606000660600666
2 606660066000600060
3 522525225555255252
3 494994449499994499
2 006606660660660066
4
4
2 066000666660606666
4
2 600606006660666666
2 066606660006060000
2 066660006606066006
1 333331113313133313
1 313331311111133113
1 333133133333313331
2 000606606600666660
1 331111331111331111
3 494449449994444499
4
3 399933993333933933
1 313333313313111333
3 993399993333933339
4
1 333131313313313131
2 666006006600006000
3 884448844444884848
1 113113333333333331
3 111100110001011111
4
3 525255555252222222
2 006000660666600660
2 606606000600666066
3 393993993393333999
4
2 660030363000116060
3 994944444994449444
1 777676767767676666
3 399999993993339993
3 339399939339933933
3 000000010100010010
4
1 666676667767777677
4
1 767666767767677666
3 933393999999393393
3 688888868866666868
4
1 666676667777667667
3 525225222525552225
3 886886688866688886
3 444494949999444994
4
3 333339393399393993
2 663061601303361003
1 676777677677766676
3 313331311111133113
1 776777666666676777
4
4
2 616131306163061336
1 677767776666766676
4
4
4
3 933333993333993333
3 333939333393399399
3 939933999399999339
3 333030303300033003
1 767776676666676677
3 449499499944444949
1 677767677676767776
4
2 101066031631166000
4
1 767676767676766667
3 399399393999933999
3 331113313113113113
2 111303131103160013
2 116306161166116301
1 677667677766676677
1 776666677766677667
3 993933933333393993
1 676677676676667767
3 449999449944444499
1 777677766767667666
4
4
3 484488488884844488
3 488848488444444888
1 766777776667777677
3 888888886868668666
3 000030303303003030
2 100361360033001101
1 776767666777666667
2 303603110033611030
1 666776666766777767
4
1 767767766776777767
1 666666677666677777
4
3 888868888668668888
2 600306301166610311
4
1 667676677677666666
3 484488488884844488
4
4
2 060061131160300133
2 006661011161636600
3 110010011000101010
2 111333001661166601
3 993399939333393999
3 939399939993393339
3 993933939933393339
4
4
3 311311133313313313
3 339333999993399933
3 888888448448484888
2 001100603610116163
1 994944444994449444
4
2 031133136106030016
2 060136603666061310
1 444444449994944499
2 063661036100131133
2 101600036611033036
4
3 313311133111133333
2 611366033610063003
3 011110100011101111
2 066316006366000031
3 449494449449944994
4
1 444949449949444499
4
4
1 449499499944444949
4
3 101111111110101101
3 744474774447744774
4
1 949994994999994499
2 161030160136613061
4
2 811585111511115888
3 474774774774444477
3 774447444474474447
4
3 330000033303300333
4
2 581858511555855815
1 449999999494449444
1 999449999444999999
3 888888448448484888
3 868668666888888668
4
3 447477474444774744
3 133313133313133331
4
3 848844844888488848
4
1 994994444444949499
3 313113311133313131
1 944999449494499949
3 444444444999449449
1 444444444999449449
3 677767677676767776
4
3 747477777444477444
2 511118118588155518
1 494494499444444449
4
3 844484488848888848
2 588585818515551555
4
3 131311111313131133
2 888581855551511851
1 999944494999499499
3 133311313131311313
1 494949494499499494
1 449494449449944994
2 588115855881158818
3 777777474477744477
4
3 313113311133313131
4
1 944949499449494494
4
3 477474447747747444
1 944449499444944949
2 515818511881585118
3 747747444447474447
3 474444777747774774
1 994994999494449494
1 444444499949994494
1 944944999949499449
3 444447474474747477
2 151188188855881581
2 511155588111118811
3 000333033030030303
2 585581115188585858
1 999994994949944999
3 668686886886668868
3 333131313313313131
3 311311331313133331
3 525225222525552225
1 131333113311333333
2 855558518581888181
3 944944999949499449
1 111131331313131131
4
4
3 474477444447744744
1 133111133113333333
3 477447774477444474
3 494949494499499494
4
3 776767666777666667
3 033300300330300303
2 888518115155588151
4
1 311311331313313111
2 815858881811858188
3 444449949994499494
3 303033000030033303
3 474744477747444777
1 333311113311113131
3 444494949949949494
3 949994994999994499
1 331113313113113113
2 811515558118551111
3 623335632362335535
1 311311331313133331
3 111131133131113113
3 444444444999449449
3 449444499949444499
2 818818551111551185
3 111100110001011111
4
4
4
3 335233633363633562
4
4
3 449499949449949949
4
1 133311313131311313
3 525532335235223253
1 313311133111133333
3 352536332663566565
1 333311313111331333
4
2 581511881155518118
4
4
3 311311131313133313
3 111100010011100001
1 133313133313133331
1 131113311311113113
1 111113113131313133
3 767776676666676677
2 518881858185818111
3 622556662553352332
2 555858815851588115
3 113311131331113111
2 511185515515585515
4
4
2 115185558188511851
2 050050570555757755
1 313111331331131113
4
3 676677676676667767
1 133313311333113133
1 113133131313131331
3 113311131331113111
3 999994994949944999
1 133313311311311331
1 113333113311313313
2 005777770777775557
3 449444499949444499
2 700707707707550575
2 077555577005577777
3 225252222222255225
3 668668886868866668
1 331113133113331133
2 705070700775750700
1 313113311133313131
3 665352552535566566
3 999994949444449944
3 563522662233262253
1 110010011000101010
4
3 994944444994449444
1 100000101110001011
3 331111333311313313
2 770075707007700770
2 570000550077500077
4
3 994944444994449444
1 101000010010111010
2 577075700055007055
2 700557075505057005
3 263363225332363225
3 767676767676766667
4
3 686866888688686688
3 365562363653532522
3 256326225232653626
2 500750055777775000
3 776666677766677667
3 553365565222652366
2 000570007777005075
1 000000010100010010
2 500050557757070007
3 365656225552322265
2 577005777505575075
3 525652236625356663
3 888888448448484888
4
3 767666767767677666
2 755550557757055555
3 111131331313133331
2 007570055757770705
3 612261111661621612
3 626221216111126611
3 216112166161262111
1 010101011100110110
3 216226616661262211
4
3 226616266222616621
4
3 612626216622161626
3 116121121266622661
2 077505055557005007
3 622221161126166121
4
1 011110100011101111
3 211622162216266112
3 212216662622111162
2 557550050075007507
3 121261221111216262
3 112126221262211611
3 266622616262126611
4
1 111010001001110011
3 126262112666626212
2 055575705005757555
4
2 700075750577550077
4
2 505555775575750770
3 622261662111226112
3 122161212262611622
3 262222266612216616
4
3 212266626266226121
1 101111111110101101
4
3 111621222112221262
3 122162116161266621
1 011011000011000101
2 883833338383338833
1 111100011000100000
3 616612216222266261
4
2 888888838333338333
1 100110100010100100
1 010100010110111001
1 011101010111011100
3 666262126662211112
2 838883383333338833
1 001110111110100010
2 383833383333383333
3 216111121161221262
3 266212116216226122
3 221661121621221166
1 111100010011100001
3 611116662266626126
3 162611662166126216
3 622126662222262266
2 888888833333888333
3 611266221126222262
2 888383838333838388
1 101100101111101101
2 833833888338388383
4
2 833833383383338333
4
1 111100110001011111
2 838333838333883388
1 111010110001100101
2 383838333883888383
1 111101000111010110
4
3 126611162662211116
4
2 388333338333883838
2 833888838333888833
2 383388388883388338
1 111101101001001010
2 888333383333388388
3 266212616162221661
3 626122266126112211
4
3 661121612626216121
3 116666666266112162
2 833338383833388333
2 333838333338388833
4
3 661111162612662222
1 668686886886668868
1 886886688866688886
2 883388388388338388
3 626612216222216226
3 262122212122116266
1 888888666866866668
2 388838338833388388
4
1 888868888668668888
1 868688868686688666
4
4
4
3 662612666226111112
4
2 883383383333888888
3 161621126226266622
1 868868686888668668
3 616126611262612211
3 801011110118828111
2 388883883388833838
3 021808008082001212
3 100180210222018002
1 686866888688686688
3 218128108228101120
3 018100222821210088
3 181802121822122111
3 028101028228881222
3 112828088128818822
3 011082080121088881
4
2 223323332332333323
3 111888020828802222
3 820021800220202800
4
3 102811011200822021
4
3 022822112880812208
3 800080111288210120
3 282180221882820081
4
3 212208088128122128
3 210811112200212081
3 881100881818808001
3 280001101020020211
1 688888868866666868
2 323333322223322322
3 218228111080088201
1 688868668668868666
1 686888666866866686
4
3 101111828882222112
3 821822210801811118
1 868668886886688686
2 332323232222323222
3 800112128020881218
1 668666886686668866
3 112188000802002280
3 082181001080880128
2 322233322333222332
2 233232333232232223
1 888888886868668666
4
1 688686888866868688
3 011110208801118120
1 866868886868888686
3 828128112812011181
1 668668886868866668
1 868668666888888668
4
3 802801208281828112
2 323222322232322232
3 128821210028801122
1 886688668668886666
4
2 323323333232232332
3 821000220088882021
2 233322232222223332
1 886866686686666868
3 122128220088121180
4
2 232333223333223333
1 888686888686886688
1 444949999494949444
2 222222232323232232
3 218881221182180028
2 223322323322223223
1 444494949949949494
1 449999449944444499
4
3 080202000080110201
3 288010121028002012
4
4
3 811201810028220808
4
2 322332232322223323
2 322333233222232223
4
1 949944494499949449
2 232322233323322333
1 494949944944499499
4
1 949444449949949949
3 111812821108108820
3 820888220080018122
1 499499444494494444
1 444449949994499494
3 218001818101011100
4
1 494449449994444499
2 323233332332323333
2 332323322222333333
3 001200800088120288
3 012221122088082812
3 191191915999991115
1 444444494949449949
2 323332332333232322
1 444944999944444994
3 111955559999959515
4
1 449499949449949949
3 191599511515199551
4
4
2 233233232223233333
3 159191519919995199
2 223232322332323223
2 233232322323333322
3 995111955911111191
1 494994449499994499
2 223131323322213123
1 444494949999444994
4
4
3 195951995519551111
2 132231222232333131
3 111591519599999511
1 944949444494449449
3 915595551511115511
3 511951159911951955
3 119591559199115995
3 515911595199555511
4
4
3 911559119995599155
4
2 331113223313231111
1 449994999499494949
3 919595515559515959
1 449999949444444944
1 449444499449499449
2 211112323112222332
4
1 999994949444449944
2 311333133221323333
1 449444499949444499
3 519515115511991599
2 223111232311221111
3 515599595155191595
3 515591911595995199
4
3 919911919195991915
4
3 599199195919595915
3 195915591991991995
4
1 488484448484444444
1 844844444888488484
4
4
3 595515911559515911
4
1 848844844888488848
3 591991995511159951
2 223131233321112111
1 448888444884448444
3 591591159195511995
3 195991599511995559
1 844484844484448448
3 159195595999555595
3 195555511551119519
2 232113333113121333
1 844888484444848884
3 551515559999919915
2 113213322332321332
3 115995159951919915
1 488848488444444888
1 888888448448484888
4
3 191959559919515959
3 919519115599151995
3 959551599115119559
4
2 322123113322311121
3 995191991511991951
3 195191915955159111
2 113333212323122323
4
3 595919995591995111
1 884488488444884444
1 848448848848484444
3 955551191519955559
3 911991591111555119
4
4
3 959519555911559511
2 131231323323133231
2 323231312121323133
1 884448844444884848
4
3 511919195115591599
4
3 959515991959519599
3 115915115595111515
2 223232332222121222
4
1 884884484888444888
4
2 323333222131311333
2 312311123232313313
3 195995955555995519
3 722792977977227722
1 884848848448488884
1 844484488848888848
4
3 979272779927977972
1 884484844884444884
2 211313131133112323
2 131231332232123231
2 232313222322333112
3 722222272779992799
3 299927922227279722
1 484488488884844488
3 792929772279227929
2 111131123313313111
3 777999722729797722
4
3 929729292277779927
3 297792929977929277
3 972979792799772999
1 848888884448848484
2 148884311118814381
4
2 381434441344188338
2 334144434843444333
1 444448888488888484
4
1 848884448888484444
3 979977999977229222
1 884848848884484884
1 000030303303003030
2 318883843188318888
1 303330003303033333
4
2 434113341118811483
3 999727977292279727
3 922792277929777229
1 033300030003033000
2 133334311883488483
3 229927722797727297
3 777999772999729227
3 797997272977999972
3 929222929999772929
2 431431183418844138
4
4
2 113183338388338113
3 279292777999979999
1 330000033303300333
3 972222227999797292
1 003333003000330330
1 003303300033300003
3 997729927999277279
3 927277297799722929
3 279279277922222277
2 341881811484833441
3 222729929779992929
3 299972727992299972
1 003303033030300333
2 334438184481313141
1 003333000030030003
4
3 977279929997792792
3 992979727279972979
2 444443388183443434
3 992722727272722797
3 297992272997927977
1 300330030033333333
1 033303300033003333
1 033000333333330330
3 999299927772272777
2 384144441111488318
4
4
3 729792777922722997
3 979922799979792272
3 277979997977729797
3 229777279222722927
4
3 722799292977972297
3 772779729999722799
4
4
4
3 222792979792727222
2 344114138384383113
1 000333033030030303
3 229227299777727777
4
3 927222997927992777
3 277927777999279222
2 843338384811414814
2 438133333834433113
3 927272929279227227
2 144448344443818344
1 303003003033333330
2 434488133118434483
3 227222799772797727
4
3 778981979978989181
3 778878717878779779
3 998778987989998977
4
3 877788878878979198
2 143381143381381141
2 311488834343441341
2 413113413314183833
4
3 719781898118799988
3 781911878991798911
4
2 232233332223333222
2 323232233322322223
2 232323222222322322
2 222323233232322233
3 817817781991897811
4
3 177189179781998971
3 719897189998887189
1 033300300330300303
2 223233233222223222
2 323333323333233332
3 777719181777989991
3 189978777881888711
3 787988897877777171
3 198917181188771187
3 889787189911971989
4
3 977187981117811871
4
2 323233322223333232
3 981977889818917897
3 887879191919917797
4
3 911711987798189897
3 118711788799789778
2 322332322332222332
4
4
2 233322322222332233
2 232323332232332323
3 718197977918187978
3 977887899198999919
2 332223223233222222
3 998791197919819879
2 322323322223232222
2 333232233333323232
3 917979787798998918
2 233322222322223323
3 989778878977918888
3 999119787191881919
2 222322323332222323
3 988891991799788197
3 878791191889111878
2 222232222222332233
3 198181788811897119
3 779188799787771877
3 991889889989778799
3 177887718781118789
3 191911887181899111
1 303033000030033303
1 003303000330303333
1 303003033030003000
3 989799181171889181
3 897189871179799717
3 177888877881791988
1 003033003303030303
3 117917817771178789
3 818771189817117778
3 799878171179198199
2 233232323223232233
3 899898991118971798
2 222333322333222333
3 791719177798818917
1 333030303300033003
2 322222322323333323
1 033300300030033003
4
2 233233223223332222
