1000
1 333555533553355555
2 040348348383304883
2 884340038803403003
1 555535355535355535
2 408804434040008388
3 133333113133331333
4
2 804030844343808834
1 335553533553333355
4
4
4
3 666555566565656566
1 555355555355335555
4
4
2 334033340430033880
2 388338300483438448
1 333553355333355555
2 408448443038380388
2 340880433830844303
3 156156618181686166
1 533535335535333335
3 311313311331131331
4
1 535355535555535553
4
3 443343343333333344
1 335353333553333335
1 353553535555333553
3 855561185685115865
3 558888888855555555
3 581651155511585511
4
1 355355555535335353
3 555535355535355535
3 185666655181855555
2 840883033800448488
2 303388483343084008
1 553353555335335335
3 133131113331133111
4
3 131133311131313131
4
3 686855586181681165
2 344843334830403088
1 535335535333555355
3 113113111331113133
3 535355535555535553
1 353535355533335333
3 939999333339339393
3 566861681858665615
3 331113313133331131
1 535535355533555555
2 304330443080844844
2 430088333083044343
4
2 803834484448448844
1 335555535355533355
3 111111111333331133
2 300848004833044880
4
3 688661816588511888
3 686511865151168581
3 300030033300033003
3 133333113133331333
3 668168511181668116
1 555355553535553353
4
3 565656555555665566
2 444088033348448483
3 655656665565665566
3 155866568851168511
3 300330333030033033
4
1 335355355555533335
4
2 300433080088833434
4
1 553353553353553355
3 858858558558885558
4
4
2 444088084384033800
3 658661518855858866
3 999933939339333333
2 333880400833488804
2 843343833403088330
3 939999333339339393
2 022222202200002022
1 553553555553555553
1 535335335535333555
2 020002202002020220
4
2 002020222200202002
4
1 222277772277727227
1 222722227727272722
3 186818111515818566
1 227727227777772222
1 777772277277222772
4
3 434343343443444343
3 553353553353553355
3 655565655566665666
3 116511656815886868
3 655618855515166661
3 033300330333330333
3 333133313313331131
1 722722772222772772
2 202220200222000222
1 722772777777277222
1 227277277227222272
1 277277722777722227
4
3 443443334343333444
3 728785852285578585
2 022000020202002020
2 002202200200000020
3 535355535555535553
4
3 827755857875782228
2 000022022202200202
1 777777722227222727
3 666656566656665566
3 587572558255887782
2 002200220202020220
3 555888588585858585
2 022020200222222220
2 220220220220202002
1 722227772272227227
1 272222727772727772
2 202200200200202002
3 330030333333030000
4
4
2 222222022020002220
3 557852282272858852
3 855555558855585858
3 344334334433334434
1 772777222777722777
2 222220000220002202
4
1 727772772772222727
4
2 002220002022202200
1 222272222722222227
4
3 785227727522755255
3 282222587888772257
1 277277727727222777
4
3 311313111133333133
3 888555558585558885
1 777722722272222727
4
4
1 222727727727222272
3 311311311331333131
3 565665655655665555
3 111331131313313311
4
1 722727727777722222
1 277772777772227777
2 220002222022000202
3 252225522525782788
4
3 535335535333555355
1 277772277722722272
2 200022020022022202
3 666555566565656566
3 111131131133331111
4
4
1 311131131333333133
4
4
3 258287887788578857
2 222222202000002000
1 133133331111333333
1 111111331133111113
1 111113333131313131
1 331113313133331131
3 888588588555588858
3 665665666556556665
3 887287228578782885
1 111331131313313311
4
2 022222222222022222
4
1 133111131313331311
3 222727727727222272
3 331133113131111311
3 877272558285227227
3 255852822858888785
3 222575258225257527
3 858585888888555885
3 855555558855585858
2 200220020222220020
3 111131131133331111
2 002200002022202220
3 858585888888555885
1 333131131133331111
3 777775877787888858
4
2 777776667776677766
3 772552527777755885
4
3 999333393333999333
1 333131313131131131
3 313331331113111133
4
1 333113333113131111
4
4
4
3 333993333999939333
1 113113111331113133
3 888555558585558885
3 557767776755757677
3 722772777777277222
4
1 113331313313111113
1 133333111111133311
1 133131113111311133
4
2 767767676767677667
3 557655576756565776
1 133333113133313113
3 555675765665775657
1 131133133311131133
3 566557756577756655
2 777677667776766767
2 666766767766677666
4
1 333133311133113133
2 667767677776767666
1 133331313133111113
2 766776766776766766
1 131133311131313131
3 933939393999933333
3 113113111331113133
1 311311311331333131
3 675756667576666675
2 776767776767766777
4
2 777777776666776767
2 667667766766767677
3 775776656665555665
3 300030300333300033
2 776666777677666667
4
2 767676676677776676
3 311131311113333333
3 311313111133333133
3 566555565666556666
4
2 677667777766766766
3 576566676777567777
3 555355555355335555
3 999339393339339993
4
2 776776766776776666
2 666767676677677766
2 776777777666666766
3 333393339999333939
2 766776677677677776
3 444333334333433333
3 677666665756756567
1 334344443434343344
4
1 444343443444334444
3 567565556765557776
2 766767676677767677
3 858585888888555885
4
1 344343433433333343
2 777777676677777667
1 433343444444333444
4
3 656777677567557576
2 666666667666767667
4
2 677666767666777667
4
1 433433444444444334
2 900990000900900990
3 335555535355533355
4
3 858555558588888858
1 334444444334443434
2 099099000900909099
3 757677665665655667
3 393339999339333933
2 909090999099909990
3 331133113131111311
1 434443444444434433
2 000000099000000900
1 443344434433434344
3 566665665666666666
3 222272222722222227
2 900009099900099909
3 557767777576675657
2 099090909990909990
2 000990000900900999
1 344334334433334434
2 990999099009000000
3 855555558855585858
3 333113333113131111
4
1 444333334333433333
3 131113111331113111
3 777775765777677667
1 434343343443444343
2 000090999909090900
3 655665555666656556
1 443443334343333444
4
3 533535335535333335
3 333443444344444444
3 766665767765666765
2 099090999900000999
1 443433334433434434
3 767565756677557555
2 000999000999009909
4
3 133131113331133111
3 377970397337309933
1 444334333343433333
1 334434434433344434
3 272222727772727772
4
2 909099990099990999
2 009099990900990090
4
3 566655556566566656
4
3 353553535555333553
3 722727727777722222
2 990099009090990999
3 737703933003977909
4
2 000099990000999909
4
4
1 333443444344444444
1 334434433444344444
3 344334334433334434
1 443444444443444343
3 970397003337399770
2 000990999099009990
2 909099909099909900
4
3 390977739737373073
1 443343343333333344
3 033300330333330333
1 444333433433433443
3 433433444444444334
2 009000009990090900
4
3 370007703903977339
3 997030309933739793
4
4
4
2 000099990000909990
3 433433444444444334
2 000999909900009090
2 411814418841884114
3 099099303399399777
3 090307399997909970
4
2 481811881848411148
3 970933777039007909
3 133131113111311133
3 227727227777772222
3 111111331133111113
2 188848184114144444
1 855585855555855588
4
4
4
3 303379970707739909
1 888855588555588885
1 855555888558888558
2 814441881484881411
3 434443444444434433
3 973797090907939779
4
2 181888881881844414
3 333000330300330033
4
4
2 448118488881418818
1 558585558858585855
2 848481111411884144
3 443444444443444343
4
3 222277772277727227
3 333553355333355555
1 585555585885855855
4
4
4
1 885888555558855858
3 555565666656565655
3 399993993393939999
3 556555555666566566
3 888858885885588558
3 330033300030033300
1 585558558858885885
4
1 858858558558885558
3 443444444443444343
1 558855858558555855
1 555555585855855588
4
3 111113333131313131
3 888588588555588858
4
3 990703370000900003
2 884448184188441814
3 300097700097790939
3 772777222777722777
3 133331313133111113
3 333131313131131131
1 888858885885588558
3 354434353455354334
1 858585888888555885
3 444434445555444433
4
1 858555558588888858
3 333033030333033330
2 818144141888448888
2 441888844141814184
3 435433555354333445
2 484841144818181811
2 148114814881188811
3 588588555585585888
4
2 811188881414144144
1 888588588555588858
2 114148848844484884
2 414188411488111481
3 333131131133331111
4
2 841141448118488118
2 444184814488818114
1 588588555585585888
2 144111848141181884
1 888555558585558885
1 855555558855585858
4
3 555454544453555333
1 858858885588558855
3 333993333999939333
4
3 666556555666556566
1 555888588585858585
4
4
3 999333393333999333
4
4
3 534543534555544443
2 814441488444418481
3 111331131313313311
4
3 543435344335433343
1 558888888855555555
3 333131313333131113
2 884181881114114141
2 744040744770477404
4
4
2 747000447400077744
1 333993333999939333
3 545454553353544353
1 333339399933399933
3 555655565655566656
3 343353544533443545
4
1 999933939339333333
3 433355435335354343
3 939999333339339393
4
2 047447040700474000
3 566555565666556666
3 335333534533555553
3 333399333993333393
3 556655566665556555
4
4
4
4
2 000070047000404740
1 999333393333999333
1 933939393999933333
3 333545554553553543
3 554433343535453534
1 999339393339339993
3 222272222722222227
3 443334343333333454
4
4
1 993333339333939993
4
3 588588555585585888
3 665566665566655656
3 333555533553355555
4
4
3 858858885588558855
3 353555435343453444
3 133131113331133111
3 555535355535355535
1 333399333993333393
2 444077740004744704
2 700044047040400770
2 047004704777744447
4
3 443343343333333344
3 656555566556556556
3 553553555553555553
4
3 666555665656566665
3 443453534554555353
1 393939993933933339
1 939999333339339393
1 333393339999333939
1 339333999399933999
2 407040074404047040
3 792723733337923379
3 792329393779373372
2 407044770777474444
4
1 399993993393939999
3 277799723332333292
1 333999333393939939
2 770474770070007477
3 397399329239223299
3 223992339997979397
2 000474400777400774
1 993339393999993393
3 229393333723337397
4
1 339933399339933393
1 393339999339333933
3 377922322797723739
3 939793732923322222
3 332377222779327293
2 707007074000740004
2 047744004044774044
3 732373293722792279
3 929727222977239322
3 972227799993739279
2 407740770444770744
1 939999999939999999
4
3 997329937397393227
4
2 000470070704040747
3 939327999232227973
3 293393772739799327
2 047770474070040477
3 373327272997279232
1 393399999393993999
4
3 777232299377392999
4
1 339933399993333393
2 447747400074477444
2 707744707707440740
3 733927997993399332
1 313131111313311331
3 999372239929299929
3 793337999732329233
4
3 973293799332922232
3 333773233972797227
3 933933992277292272
2 747040077004077044
1 333133313313331131
2 404777477077404000
3 929332939992399277
4
4
1 131113111331113111
2 488248822882448222
3 922292379393973222
3 722793799922233939
4
2 224422422822428224
2 284248484448224424
1 111333113331311111
3 777797993929999777
3 939372799772929322
1 311131311113333333
3 373337332973779973
1 131313311113331131
3 292399322232323293
4
3 339322329397292997
3 729337723923922733
4
4
4
4
2 848822424242884428
1 311313111133333133
1 311113333333333313
2 248444822428244424
3 993722773273379273
2 888444842284824282
4
4
3 229727923223933937
4
1 133131113331133111
2 442888288888484888
1 331333333133113333
3 237273323397233992
3 999223229737222933
4
4
3 232973733779772372
1 133333113133331333
1 331133113131111311
3 929993339779739273
2 288284228288222484
2 288888488828284844
3 222232322933232779
3 327322972992237929
1 111111111333331133
3 332222335353533253
4
3 523325322235333525
4
3 555353253553232252
2 884248484222424442
2 848884228282248242
3 233232353222332322
3 223523325325532232
4
1 331311113113133333
2 444482228244442444
3 222353235552525233
1 311313311331131331
2 428484288422242482
3 535523552252522525
3 322323525522553235
2 822822428444822484
3 232332353232522355
2 822244488224884284
3 225355353235225223
1 113311333313131131
4
3 525533323233323555
3 225535353523333325
1 313331331113111133
3 333335223325223555
1 331113313331313131
3 353323225332255555
3 323255533322353325
3 253325352523233535
4
4
3 532222355522252523
3 522525235532535525
1 111131131133331111
3 222553235352253523
4
3 523555355235225222
1 333131313333131113
4
1 555556666655656555
3 323353553233325233
1 665555666556656665
2 422884248848442224
2 288244488488282224
4
1 666556655665655666
3 523553522552232253
2 888282822488882442
3 552233322535225535
3 525352352355355235
2 842428824888884888
1 566655556566566656
4
1 666565656556555565
3 355555552555525232
1 556655566665556555
3 323325335322255353
2 222842848822244488
2 533336532563332522
4
2 326223322333526352
1 665665666556656665
3 553235525223555255
3 255352323325332335
3 522323523235353253
1 655665555666656556
1 656666656666666655
1 565665655655665555
3 353352323252255352
2 325252556333636553
3 522332222253235232
3 325532333222525355
3 232355252225235252
1 556656555566555566
3 335255353525335355
4
3 222355352335333352
2 226353533362265352
1 655656665565665566
3 355333253553523325
1 666555566565656566
3 322323222233535325
4
3 355222353325353522
3 232233333522533353
1 666656566656665566
3 355322252225553352
1 566665665666666666
3 993885388853399538
3 988935395393395859
3 385833335583558953
1 565656555555665566
1 566556566666656566
1 566555565666556666
1 565556655656656566
2 663263233652662326
3 355838385555833333
3 333883399885899559
1 566566655565565555
4
4
4
4
3 359958553555989583
2 265625353623623665
1 300030033300033003
2 625362352235322265
3 353538838559399555
4
3 989959538889388999
3 595853595989859895
3 555589535995939899
1 333000330300330033
3 585583888898835353
3 955885389885839535
2 233365353636236562
4
3 338358993559983353
2 363625533266626323
3 938398355558355539
3 555583353338998853
2 553256336352632526
3 855398888593983535
3 333389353395385995
1 000000033303330303
2 663366536666226326
1 330033300030033300
3 955385939888535839
1 330033330333330003
3 539839959393585953
3 399598985898359998
4
3 539983533898395593
2 553362235655333666
3 959855339538889385
4
3 539985333955555935
3 535988399995855889
1 303003333300300333
3 989593533893353955
4
1 333033030333033330
4
2 225226535322553666
3 893398855958355389
4
3 339859853839558935
3 588959959983383599
1 000003033000033000
3 358595888338855938
3 389583838595939858
2 356555655263663352
3 393398985398383539
3 358559988989839933
3 598855959535559353
2 566353356636635653
1 000003303303003030
4
3 935855959859893335
3 989958989838585883
1 300030300333300033
3 993893388589885989
3 598588898998389958
4
4
2 632625263353652662
2 332223652653663633
2 223522622536633653
4
2 525363333323552566
2 323333665262356232
2 440004000040404400
1 033033333003303033
1 300333303030303003
3 888588583883395939
3 389335399993838393
3 558339359833855585
3 464446040440640044
2 040444404404000044
3 466000406640644646
3 404646600604404640
4
4
2 400444044400044044
2 404044440000444404
2 044000444404004404
3 060640466404060666
1 300030003303303303
3 606046666640446660
2 440444000004044004
3 466640600604604446
1 333003303330333003
3 400640064666066006
1 033033030000303030
2 040440000004000440
1 333030330033003303
3 044004646660600460
1 033300330333330333
3 604606406006066400
3 466000464604064004
2 444400004040404404
4
4
2 040404004404044440
1 000330303330003300
3 666000064066600440
4
1 300330333030033033
3 646666004004046466
3 444064404600664004
3 460646400460606660
2 044040404040400400
3 064604640044464666
3 046666604466006004
3 664400440666646446
4
4
2 040004444040004440
2 440044444044404400
3 664006066666640604
3 000606666406066400
3 044664444406664060
2 440440040004040444
3 446640464404666040
3 044004066064646004
1 330030333333030000
4
1 655565566555555555
2 040444004044044444
4
3 466000004460660064
3 406444666440646464
3 466604404064640460
3 060406646600000640
4
1 556556555665666666
3 464000460604446644
3 640006600644000466
4
2 040444044404004444
3 606406660000044446
3 406046600000004464
1 555655565655566656
3 606040064000640446
4
4
1 656555566556556556
4
2 004040040040044044
2 000004404044400044
3 600400464644000064
1 555565666655555655
3 040660060664460606
4
3 404664466466444066
2 040004040440440044
4
3 066444060066604060
3 600046446440664604
2 440440444400040044
3 044644060400046060
2 044400040044440000
3 644600000040440046
4
3 666600066400064040
3 400040046000004060
3 233233325325332555
2 450080885584004508
3 333355553325525535
3 235552355222233525
3 255333323325325535
4
4
3 232252522523225352
4
3 253533253535535235
3 525333255235255552
3 552333532232532535
3 553333333252352535
1 655565655566665666
3 353352252322352535
1 666555666565655656
4
3 553533355555352335
2 500550000844084545
2 455400404005500450
2 850050004855544084
3 553323322222535335
1 566555656666656656
2 484845548884480405
3 352222535333323525
3 525322333333255223
3 232555253533222553
3 323355253333355355
1 556556555655555556
4
1 556555555666566566
2 048408485058405485
3 525523325555225533
4
4
4
1 555565666656565655
3 333335222252532555
3 225223535332352235
3 552355533532322522
4
4
2 405808505545584084
2 044045005454048440
3 252255233222522535
4
3 322222535553332532
3 553323322235232522
3 335325233225523555
3 252332322525235255
2 545048084500400458
4
3 555255223552352323
4
3 222522353535222255
1 666556555666556566
1 665665666556556665
3 553252552352232353
2 880885444848484540
2 408040848455505005
3 522222553232552223
1 656565555556556666
2 450458555444844045
3 223553325232335235
2 840804448055585585
4
3 352355232252553225
4
2 455505550585848408
2 408855804000405455
4
2 805488804800858044
4
4
3 555522523333253532
1 666655665556565555
1 556555656555565565
3 352352552553535253
2 054844040458040008
2 548050884400008484
4
3 522532523523222323
3 535323255253332255
3 552523522552323523
2 880585050504455485
1 565565666556665556
3 253523255323525352
4
1 655665665665556656
4
4
2 508044804458505005
1 666555665656566665
1 665566665566655656
4
3 235523222553252323
3 355523325523332252
3 233332223232532522
