1000
1 225522252552555222
2 999799999999979799
3 226626666222666266
3 711177771717177171
3 999944949494449499
4
2 999997779797979777
2 977797777797779779
3 664646644464644464
3 222255252252252252
4
2 779777797777997799
1 522522522555525225
3 393339999939933393
4
3 222662666622622222
3 225225522222222252
2 797997777777777977
2 979997999779799779
4
4
3 494449999999499494
3 444444244244242422
2 979997977999997797
3 277277722777277272
4
3 262262222622622266
3 664664464466464464
2 999779779979797779
3 933399399999999999
3 464664446444466446
4
4
3 777771117111717777
1 555525555225552525
3 225522255225252522
3 222222226662262662
3 449949499449944949
3 551515155151151555
3 449499449949944444
3 626266622222626262
2 979779997997999999
2 997979779799797999
4
1 225225522222222252
4
4
3 222222727227227772
3 422444224224442424
4
4
3 226262626666262266
3 424444424442244244
3 333999399999933393
1 252525522525225555
3 622222666666622626
1 222225255552255552
4
2 799979779997979977
3 666626626266226662
3 177711777177111117
3 646644666446446666
1 222225525552525222
2 997977797977799999
4
3 244424424442444222
4
3 662262222266226226
4
2 779999999997999999
1 222522252525252555
3 717177171177177117
1 252252252255252522
4
2 777979977999779979
3 966669996699969666
3 277222277772272772
4
4
3 666222666266626626
2 799977997999797779
3 225522252552555222
3 771777111111177711
3 622626222666226626
3 736767736773373677
4
4
2 797797997777777999
3 363773637377636766
3 933399399999999999
3 771111711117711171
2 977999977779777777
4
2 977977977797997999
3 551551155555511115
4
3 118818118111188881
3 933399399999999999
2 979999799999997799
2 999779979797799977
1 222222552555252222
3 444224224424444244
3 449499944444999944
3 717771771717711711
4
1 255522252255552222
2 340433030430040400
2 743733400070444433
1 222525222252525225
1 222552525525525225
1 552222522552552555
4
3 776763773733763737
3 664664464466464464
4
1 222255252252252252
3 663366773373737763
2 074477433033337734
3 637737336377376776
1 555525255222255252
2 437377334744747407
3 663763777763776777
3 966669996699969666
2 000770403430730334
3 667636767763373666
3 933999939399333393
4
1 225522255225252522
1 225225555222522255
3 711111171777111177
2 334334340740443304
2 030347370407370400
3 666336676763337663
2 043300373407037343
4
2 000333740403704737
1 225552522522255522
2 303043044073374400
3 242224244222244442
3 766737676336663776
2 433477070000473470
4
1 252222525255525222
3 676677373333363667
1 944944499449444999
1 999449949444494449
2 077377034477434403
3 376766636336637766
3 771111711117711171
4
4
3 818888818111188888
3 673773333663673767
3 242422224244422244
4
3 939393393939939933
4
1 449944949949499994
3 777777336763666736
1 444449494999999949
4
3 111811881181818111
3 763336663637376633
2 774330404733477440
1 999994994499944449
1 994944999449449494
4
3 399399939393333339
3 673336363677737636
3 225522252552555222
4
3 367763666737767336
3 377776367377776767
4
3 637767766667677676
4
3 466646644466464444
3 772772272727722727
1 999449949999994444
4
1 449499944444999944
4
3 424444424442244244
1 499949444999494449
1 499499999444499444
2 734434430037374433
1 944949949499449449
1 444499994499944994
4
1 999944949494449499
2 033030473037703777
3 889696998666969996
3 988999988888868896
4
2 747730044003037033
3 699669886669668999
3 555525255222255252
2 030433730374704477
1 999494999944949444
2 734303007407073443
4
3 998966889999998686
4
3 966866998966698669
1 949499994994944494
1 494449999999499494
3 118181181888111881
1 494994949449949449
3 696669969699699996
3 969889868699699998
1 494994444499444994
4
3 227722222222727272
3 188181888811881118
2 403430447440444770
3 771777111111177711
3 464464464666464666
2 774377040470340337
1 449499449949944444
3 668988699899698996
1 449949499449944949
4
2 844141188814188888
1 444224224424444244
3 494449999999499494
4
3 277222277772272772
3 696699966966999996
3 999449949999994444
3 868698686866996896
4
3 669669696696969669
3 464464464666464666
2 181844848414848418
1 242224442444442424
3 111811881181818111
2 811118888488481114
3 869999696688989999
1 244444422242242442
4
3 666969996699966669
3 227727277722227777
3 777771117111717777
3 689689969989899886
1 222222224442444222
1 422444224224442424
2 441888888481811888
3 717177171177177117
4
3 225522252552555222
2 148881181118888414
1 424442424422244242
1 222224222442244424
3 466646644466464444
3 222442442442442444
3 515151555151111151
2 441881444481188114
3 696966696696969966
4
3 666698886896688688
1 444242422222244444
3 499499999444499444
1 242422224244422244
4
2 881881488184488844
4
3 999668866869986686
4
3 686969899899886886
3 225522255225252522
4
4
1 242224244222244442
2 844444414141844441
3 333333393933399393
1 242444222422444242
2 881488141884148884
3 677666776667766777
2 418848448884441114
4
3 222522252525252555
2 481844844414488414
3 551111551551555151
3 188181888811881118
2 181444418811444488
2 184144181444184848
1 424242242442424242
3 777667666666666666
3 667777766777666666
2 144444184118818418
4
1 242244244444222422
4
3 225225522222222252
4
3 177711111117111771
2 418144841141114444
3 118818181818881181
4
1 444444244244242422
1 222442442442442444
4
3 771111711117711171
2 818848848881488848
3 696966969996966696
3 667767677777776666
3 676667667766676667
2 118884888111144181
3 777117111111717711
1 442422442222222444
4
3 511515151551115551
1 424444424442244244
4
3 667776666677777677
3 777676776776667667
4
1 224244424444222222
1 424424224442222242
3 777766667767767777
3 767776666666666677
1 244424424442444222
3 111777777177717177
1 999999339333333393
3 776766776777667767
1 333933339939399993
3 993939393933939339
1 939393393939939933
1 399399999993993999
4
3 677676667777777677
4
2 848448141111444441
2 444814118114144148
3 677776777676776666
1 393333339393339393
2 441114488484884881
3 727277277277772227
2 117557571754557111
4
1 333339399339939993
3 252525522525225555
4
4
2 744444755157114475
3 515515511551555155
3 776767767776767677
4
1 939933939333993933
2 477745744741157557
3 818818111111181818
2 717417745154474144
4
3 399399939393333339
3 676666676676767767
2 154514577417515144
4
3 993939393933939339
2 117711577114441544
3 666667666677667767
4
4
4
3 222224222442244424
1 393339999939933393
2 471474514451114711
3 227272272272272727
2 741551745555571145
3 222442442442442444
3 966666966666966996
2 544541411554474141
4
3 118188811181111818
1 999999339333993399
2 714147745445477717
3 676777667776766776
2 555575574517511141
1 999993933993393399
4
4
4
3 676776676766667777
4
3 449499449949944444
3 555525555225552525
1 333333393933399393
3 993939393933939339
4
3 424242242442424242
3 333993999339939939
3 933999939399333393
4
1 993939393933939339
3 696961111669666996
4
1 933999939399333393
2 754155774451775477
3 722722272272227222
3 188181111111811888
3 333993999339939939
3 616111616966966969
3 771111711117711171
4
3 661969119996616196
4
3 696619969169966661
3 881888111811888888
2 771544545514757551
2 555711147551574441
2 745517175111771545
2 574555557171177774
2 711555454174554114
2 117771157145117157
3 994944999449449494
4
1 999339999939399333
3 118818181818881181
1 399399939393333339
3 222522252525252555
3 727277277277772227
4
3 696661919111191661
2 715455154144457145
3 771777111111177711
2 744741117447114754
2 645564443636433445
3 771171771777771711
3 277222227277272227
2 444354356643365635
4
2 346333566354365463
3 466446644664646644
3 696119696666119661
3 155511155155111151
4
3 666969996699966669
3 911196699199699161
3 727727222777727227
3 242224442444442424
1 333999399999933393
2 464446646344433664
1 933399399999999999
1 333993999339939939
2 446544546653333344
3 111961996111166661
2 445464566556543345
2 433434646455564555
3 646644666446446666
3 196199191961166669
2 553455344544466366
3 393339999939933393
3 196616996691199116
2 535644333665333356
3 611999196161191969
3 699666169911119911
1 393993399339999399
1 933333399999939393
3 616116969666661916
3 222222727227227772
3 242224244222244442
3 074707757455700047
3 754774544757440757
3 777740504475555507
4
2 635646346345655656
3 707555050000755444
3 470745754405507007
3 574444457555744057
3 055774450447070570
2 443345445644556443
3 407555707577550447
4
1 118181181888111881
1 118818181818881181
3 004070757740775045
2 455634666536553345
2 345356645345654456
2 653444435533434634
1 118188811181111818
3 444454540500550770
1 881888111811888888
3 754555775740000445
3 777775405475754770
3 407740450745744747
3 745570574755554404
4
4
3 445075754574007475
2 635443435436445536
3 077044705755005045
3 507740757507750000
1 111118181888111118
4
4
1 118818118111188881
3 507777074045070505
3 450475004777774077
4
1 188181888811881118
4
4
4
2 555563653634354434
3 044505070400474770
2 334453665663643466
2 434635355464335334
1 118118888881111111
3 555400775445057770
2 363665544453356566
3 750477444754507405
2 455456466536463465
3 504050554500750454
2 408440044040044448
3 450447505407404504
2 004480480448044488
2 884804444440404880
3 450554055547747755
1 188181111111811888
2 408408848848080444
4
2 080844880444084448
3 047740547450474445
2 400884400880008440
2 848800808404080448
2 800880404888884848
4
1 881181818118111181
1 818888818111188888
1 118811888181111118
4
3 455555504447040747
4
3 070757547704750777
3 000004500075047744
3 004777450577775450
4
4
1 118818888188818118
3 457407454550050477
4
2 480884040008080040
4
3 440754554770740000
2 800844404008088848
1 888881188188111888
4
3 400505505777707007
2 444080080448448888
2 804808440008884444
2 000004044884880840
3 700450070407774545
3 044440507545440757
2 844080080800880440
3 004745075075047077
1 818818111111181818
1 811188818188811181
3 774075540777074047
4
3 504477744557477705
2 484808840040808408
2 484800840888088404
1 111811881181818111
1 888881118888111881
3 550070400477007770
2 440044844448444888
3 400744007407544754
3 424244424242242422
3 442444442442422244
2 804804800848480044
3 222224242242222244
1 881818111111818118
1 818188881111888188
3 244422244244222442
3 244222222444424224
1 727277277277772227
4
3 424222422424244242
1 777727222227772272
4
3 444422244222222242
2 044484448044400404
3 244424424424222244
2 840444008808408044
1 277222277772272772
3 244422222244442444
2 011111000101110101
1 227272272272272727
4
1 727222727722722277
2 010011001001111101
2 101101110011110010
4
1 722722272272227222
3 222244242222444442
4
3 422222244442222422
4
3 244422244224222222
2 101101000100010110
1 277222227277272227
4
3 242424244444442444
3 244422424224424422
3 244222444444424424
4
2 010000101000100001
3 424424442224444444
2 110101101001101011
1 727777777277727777
3 242422244444222244
1 222222727227227772
1 272772227727722777
2 000011010100111000
3 444222422224224444
1 277277722777277272
1 227722222222727272
2 011010111101000100
3 222244242242442244
2 001111110111000011
2 101101101110101000
3 422424422444242424
4
4
2 011010001000101100
4
3 442242222222222444
3 424222442444444422
3 444224424424444224
1 227727277722227777
1 772227277227722277
4
2 101001010100100101
1 772772272727722727
3 444444424422244242
2 011000010111000100
4
2 110011110101001100
1 727727222777727227
3 422244222442224242
1 727272277727727722
3 224442244222422244
1 227277727772727722
1 222727227227227272
2 011001100000100000
4
4
4
2 001000111001110000
3 444444422222442242
2 110001001011100011
1 277727727272272772
1 464446446664446464
2 110110001000011111
2 000011000001110101
4
1 664444644646646444
1 466666464644444646
3 224222242224422442
3 422442424224442244
1 664664464466464464
4
2 111111000001011001
4
3 422424242424244242
1 444466666446644646
3 442222244422444224
4
1 466446644664646644
2 044022247047724002
3 444222242224244222
1 446466664464644646
3 422422224424224244
4
1 646644666446446666
4
1 466646644466464444
1 466664644464646644
2 727024272402774422
1 446664664644666464
4
3 224244424444222222
3 242442224444224242
2 272700442424404744
4
3 244244224224442424
3 244424224222224444
2 474022742272270277
2 470242707242200707
4
2 442077404774200244
2 700427224444224207
3 222422422422224422
3 222222422424422424
1 466664464464666444
4
3 422442424424422244
2 002740477072000702
4
4
1 664646644464644464
2 747744270022020407
3 949996446944464949
4
3 994444966969999664
3 496994996949944966
3 446666666969644444
3 449446964644644644
3 944946966494944649
2 700074720240074207
3 664964999994644966
2 402270402042274477
1 466444646664644664
3 494646966964499699
1 644446646446646664
1 664664664666666444
3 966964964699994449
4
3 496699999966949666
4
3 946646646999996644
4
1 444646664664464644
4
3 996694469669464444
2 472047047240007772
3 446649964446666499
4
3 649496669996946496
1 464664446444466446
3 444649946466664969
3 994694669696946664
2 400274447407744007
1 464464464666464666
3 494664966649669999
3 944664446446646464
3 444996949444996699
3 694966466996669466
1 664464644466644446
1 151555111151155515
3 649666469494696669
4
2 244202440447747224
4
3 494669666666969694
1 111115115555551155
3 946966449499966966
3 944999996466994949
3 649949949966646964
1 151155111555151111
4
2 040027727072470702
3 444969469466464964
2 744207244472224477
1 555155555115151555
1 115111151511155515
4
2 202427700242447400
3 494664646996466494
3 666699666944949494
1 515155111511551511
1 515111155511115515
3 699969694669966494
3 946449494446499644
3 694644469449694494
4
4
3 996694969666464469
2 207024020402447074
4
1 155555155111151155
4
4
1 551111551551555151
2 477227447404720204
2 004707704272702240
1 551551155555511115
2 822822288228882222
4
4
4
3 449494499499669446
2 822288828828822822
4
4
3 449669694649496966
2 822888822888282288
3 466949466966446669
4
1 551515155151151555
3 994949694449996666
1 151155155555555115
2 822228822888888222
3 996996999966446966
2 282288888288822228
3 644694449994996649
4
1 515151555151111151
2 288882888882222228
1 115151115151555115
3 464444944994499699
3 696946969996994696
4
1 515515511551555155
3 656665555666665565
1 511515151551115551
4
3 666556565656565656
2 228822222882282888
2 228882882888288282
2 228282888282282822
3 665555655655556665
2 822828828828888822
3 555666555665655655
1 151111551115551511
3 655666565655556666
4
3 556565656566556655
4
1 555515551111111511
2 882228822288288888
4
2 888288228888888882
1 155511155155111151
3 656566665665656665
3 665666566555566666
4
1 511511151155511511
1 771117117777777711
2 282828822882822228
3 565566555655565666
3 555565566666656565
3 565555555656665555
2 228288282228888828
3 656656666555655556
2 282888222282282222
4
1 771177177111711171
2 828222228288288822
3 556555555555665565
2 222288282222882282
4
1 777711771777117777
1 711111171777111177
4
3 666666666665566665
3 666556556665665665
3 555666555655655566
3 565666566566556655
4
4
4
4
1 777117111111717711
3 555556566556566655
1 717777771117177177
1 771111711117711171
3 555566656656566556
1 771171771777771711
3 665655656655656656
3 656566555656565666
1 177711111117111771
2 882288228828882828
3 666565656655565656
2 888282882228282288
4
1 777771117111717777
4
4
2 288282228822228222
1 717171177771711111
4
4
4
1 771777111111177711
4
1 777177117777717171
3 565655655556666555
4
3 565555665666565566
4
3 565665556655665555
3 665656556656566565
2 888882882828882222
1 717177171177177117
3 566656555656666656
3 666666666556556565
3 566656566656555555
3 656556565655566556
3 655655566656556555
2 222228282222828282
3 666655566555665665
3 556655555556566556
1 177171717171777717
3 565666665565555665
3 556565666556665656
2 222882222288288828
1 177711777177111117
1 711177771717177171
1 717771771717711711
2 882282882822888282
3 656656555656655655
1 177111771777771111
3 666555556656565656
2 882228228822222822
3 665656565655566566
1 111777777177717177
3 655566665566565565
3 655656556565555565
4
1 666999696669669696
3 616600010160016111
3 060606600106006111
1 696669966669966996
3 066000666111666066
1 696966969996966696
1 696699966966999996
2 228888828288282288
4
3 066110616616161166
3 066016606000061060
1 999999999966666666
2 282222282228282888
1 666969996699966669
1 699969669969969999
4
2 888882222222822282
1 966669999969966966
3 610101116006600060
2 222282228222222288
2 888282288288222282
1 969969696999699699
4
3 160060610006661100
4
1 696699969699999699
3 061160611010601010
3 060010000016016661
3 606016661111106000
2 888888282282828222
2 288882822288828822
2 228828288888228282
4
2 228828222288222222
1 696999666996999969
3 600111066111006660
2 282282282822288288
3 660116161666000600
4
4
1 669669696696969669
4
3 016166666161160666
3 100611161601611006
3 160110160600666011
4
3 006000661606116066
3 660060111006610011
4
3 001616100616166111
3 161000161016606016
3 161061616006061011
3 061611111066611100
3 111001000061616016
4
3 166160116661100006
4
3 100611016660001166
1 969996969669966696
1 966669996699969666
4
3 106111160011060666
2 282888222822822282
3 611010610610166000
3 611110616161000060
1 666996996999696666
3 000610101011610116
2 822888882288222222
3 600606010000100016
3 666161660011110011
1 696966696696969966
3 601661600061110016
3 061601601661161016
2 822888822888282222
4
3 160166166610116000
3 000616066016000060
3 011001110610116101
1 966699996666966969
3 010006000060006101
3 160666110161666110
4
1 699699666966999969
2 288822888282888222
3 006106616011660101
4
1 966666966666966996
3 106016666116616661
2 222882288228222828
1 696669969699699996
3 600066606061166606
