1000
1 888585585858858855
2 939333099399339030
1 555555585585585888
2 099003939099033330
1 588855558555555885
3 000080006808866000
2 900399093930000993
3 996969966966666999
4
4
4
2 903903999930930930
3 606868680088086060
1 888588885888588588
2 330393330930939900
2 903339099303999900
3 886608606866886680
1 888858855555888558
3 787777877788788787
4
2 900999333933309303
4
3 455544454544455555
2 999099399909030390
1 558585885885585885
3 000888686066600600
3 595595999999595595
1 555555558558558855
4
1 585888555855885585
3 888778877887888788
2 009933339993339399
2 339399990000930033
4
3 086006088008808886
2 303309393033390309
3 066868088800660668
1 858558555555885555
4
3 969666966996996969
4
3 022222022002220022
1 558888585888855588
1 885888855588558588
3 886068008860080066
4
1 885555555585885585
3 787777878878877777
3 068088888068888668
2 300303990303399009
3 424422422244424224
3 855855558555555888
3 020222020202220002
4
3 444424444242224222
3 778787787788878777
4
3 606660808000686080
1 855888588885885855
3 086088688680068880
3 888778877887888788
3 066000086008088060
1 585555555885855858
3 666886886606666006
2 309339900900390330
3 080080060888006066
2 003093330990933003
3 666606000006000060
1 858885558858558588
3 220020002202022200
4
1 585558585555555858
3 022002202000202220
3 885588858555585558
1 885588858555585558
2 333300300333309999
2 030399393009993309
3 885555555585885585
3 608660666066808060
1 588855855855858558
3 244224224244244422
2 303900039309339009
3 885888855588558588
3 088600688860068068
4
2 939099309039000393
4
3 448848484848488448
2 009093009033393033
3 484884488884484848
2 339303333990333030
4
3 688606660680086880
4
4
3 220000202000220200
1 855858588885885558
2 889998889998899889
3 799367333797737969
4
1 855855558555555888
3 778888787787787887
2 889989898899998899
2 899889989988888889
3 669999669696669669
2 989889888898888899
3 696636996999939339
3 599555995559595955
4
1 878788788878777887
3 884844844848884884
2 889998998889999999
1 877877878877887878
3 677736699776737973
3 776936739763397366
1 778877887777877887
3 244224224444222422
1 778788787777778878
1 878878787788778888
2 899999898999898988
4
3 222444244222444244
2 988898998898888999
3 999955999555595999
3 220222022020220020
2 988999888898999888
2 988998999898888899
4
4
2 988988889989988999
4
4
4
2 899899998898898889
2 998889899889999889
3 999999559599999555
1 888778788787778877
4
3 022022220000000022
2 899999999989898999
1 888877877877778877
3 939699737666937769
2 889998989989999999
1 877887787888888877
1 788778888788887778
2 989999899889898998
2 898998888888998888
3 996636369767999669
3 999677969739637993
3 484884444488488884
3 787777877788788787
1 787788888788887888
3 773737733397363639
3 966937777639396736
3 696969669999966669
4
1 778787787788878777
4
3 442424224224222444
3 736966963976997367
1 787877877878888777
2 899988889988889988
4
2 989999998989898899
2 998988989898899889
1 778887787788877777
3 363637373399977977
3 366796993967693937
3 202222220220002220
3 699999696966699996
1 778787777887787887
3 222244422442444242
3 663993997697763379
1 878778777777887878
4
1 778777777878778788
3 422422444224424244
4
2 998988898888889998
4
2 466663664438888838
3 373736363367973739
3 555555585585585888
3 799379933969663793
2 644334836368884664
4
3 885888855588558588
3 002022200200200002
4
2 864683464833346334
1 887888777888877777
3 884848448844884844
2 888466863838388448
2 444384448834363834
1 788777878788787877
4
3 222202000022202002
4
2 884343388884363834
3 369999699367633737
3 002020202020200222
3 878788788878777887
2 464436868468888836
4
4
1 887887777888778887
3 777877888787787887
2 684844636363333633
1 787888888888878887
3 696969696999996699
3 969969969696699699
1 202020202200020020
3 887887777888778887
3 646484468444444448
3 220202202022202220
3 887888777887778788
4
4
4
1 000220222000020202
1 202200002200000020
3 220202002200202222
3 884484886846868864
3 788777878788787877
3 555544555555545454
4
3 022000202220200020
1 222202000022202002
3 484846444666448448
2 364488846684848643
1 022022220000000022
1 002222022220002020
1 202020202000000020
3 684484688866646868
3 885555555585885585
3 484468648844666688
1 020222020202220002
1 222022222020202020
3 646684468648644848
2 336833844346486488
3 002220200220020220
4
1 202202000002220022
3 866646666468486866
1 220222022020220020
1 020222022200002220
2 663446363644663844
2 844666363388363863
4
3 778788878788778788
1 200000202220002000
3 544454455455554544
3 202200002200000020
3 588855855855858558
1 022022202022002000
3 688864664866864448
2 834643644488666433
2 684338684333386466
1 000222202020222020
4
3 222244422442444242
1 020020222202200200
3 022000000000220200
3 666664468486886846
3 699999996666666969
3 644844848686868646
3 858558555555885555
1 020022002202022020
3 884844844848884884
2 633444436363863366
1 202222220220002220
4
4
4
3 868466488864864886
3 022002202000202220
3 454454444544455545
1 022002202000202220
4
4
1 222020202200002002
1 220202002200202222
3 558888585888855588
3 844486668846866864
2 436644684844668834
3 488448844888484448
4
3 464888888866868684
3 969969969696699699
3 089889998889800989
4
1 200222222022222022
4
2 684388464684336638
3 484884488884484848
3 699999696966699996
3 559599559555999959
2 383484643446444464
2 443688366488433643
3 899899908000999008
3 990909999008889098
4
3 595595999999595595
3 020222022200002220
3 980880080998880989
4
3 855888588885885855
3 555544555555545454
2 844344446383364863
1 220220200202220200
3 022222022002220022
2 778888888777787878
4
3 669996666669996969
3 599555995559595955
2 787888888877888787
2 887887787778887778
2 888878888787787778
3 999955999555595999
3 969969969696699699
3 980089090890899980
3 884884888844884484
4
2 878788787778877878
1 022000202220200020
2 887788778877788778
3 999999559599999555
1 022000000000220200
2 878887787787787877
3 454445444444544455
3 555555959599595995
3 980900888809909900
3 244224224244244422
3 220000202000220200
4
2 788788787887888788
3 558888585888855588
1 202000222022202022
1 220202202022202220
4
3 989909089909089888
3 969969969696699699
3 009080990800899889
3 898889908890898900
2 888887778778778787
3 020022002202022020
2 788778788877787878
3 484488448444888888
3 002022200200200002
3 020222022200002220
3 890900999889998808
4
4
1 022222022002220022
4
4
3 969969969696699699
3 777877888787787887
1 222020222022220222
3 220222022020220020
2 787788777778888788
3 445544554445545544
2 778877778878887787
1 220002202202200220
1 202022220200020202
1 220020002202022200
2 777777888777778878
4
3 020002222022002022
3 454454444544455545
4
3 484884488884484848
1 222222000202022202
3 995959955595959559
3 888778788787778877
1 002220200220020220
2 877788777777878888
3 858855558555855555
3 488448844888484448
4
1 220000202000220200
2 877777778787887888
4
4
3 778878788787787777
2 878787887778778787
4
3 484884488884484848
3 444444444222224222
2 777887777878888778
1 002020202020200222
3 202000222022202022
1 002200022022002220
1 002022200200200002
3 778787777887787887
1 202200220222220000
3 885885588888858885
3 848484484844448844
2 888877778778787787
2 877878878787777888
1 020002222022002022
4
4
3 885555555585885585
1 669699999696969969
4
3 699999696966699996
1 669999699999999669
1 669996666669996969
1 966999966966969996
2 788778788778888877
3 022002202000202220
3 585558585555555858
1 669999669696669669
1 969666666699699996
3 002220200220020220
1 666699969666999699
3 787877877878888777
3 855585588555555555
3 778788888888877888
2 955568688655868559
1 996969966966666999
1 969666966996996969
2 956855599658956996
4
3 858558555555885555
3 555885588555588888
1 699999996666666969
4
2 956896856996686889
4
3 555858588588858585
1 999666999969966696
3 888778877887888788
3 544444555545545554
3 558858555888585588
2 888858565985896985
2 859699966966665569
4
3 855585555885585585
2 699866985968859569
2 595888885668959588
1 696969696999996699
4
3 858885558858558588
1 669969666696966666
3 448484488884444448
4
2 685695965869888596
3 888588885888588588
1 696669969696999969
3 887877877777777878
4
3 887877877777777878
3 544454455455554544
2 695689588559999966
3 555855588585585588
3 858858858885555885
4
1 696969669999966669
1 969969969696699699
4
1 699999696966699996
3 585888558558858585
2 659986965888866885
3 855555858885558585
3 555858585858858858
3 558885885588585888
3 002020202020200222
1 699669666969999999
2 856865596658986998
2 588659969698556565
2 585586956969858688
2 866588885889859868
3 747747471147414741
1 999669966969669696
1 669996966996699996
1 555544555555545454
3 171771141117441471
3 417147444414114114
4
1 454454444544455545
1 454554555455454455
1 444545554455445444
3 147447444711144741
4
4
4
3 441741741777711171
2 568866869896968988
4
3 414711141477171114
4
2 595995659698898969
3 717444471771141714
3 144444447444711411
4
3 414717114411117714
4
3 177414414417711711
4
2 888686999856889669
4
1 454445444444544455
2 888996988688685995
4
3 711477744414414714
4
4
3 411474441414474474
1 445454455545544454
2 599566698855589958
2 966685699956688586
3 141117441747471711
3 141447444117774711
1 455545545455545545
3 411144441447417411
4
2 666466664666646646
3 141747111441777444
3 414177444771444114
4
1 555545544445545555
3 114711777117777471
3 774174174771447714
3 474447144711114144
3 414741777447147117
2 646646664466644466
2 446646444666444444
2 466664666446444466
2 664644666644464644
3 447477714144411114
4
3 474747471174111417
2 446664466464664444
3 111711144177444141
3 111474711774171777
3 774714411444441117
4
1 455455445555455454
3 477474444714744747
2 666644466446466444
4
2 444444444666446466
1 455555445545445444
3 774477447147177147
3 771114714117441444
2 464644464664464446
1 554544445444545455
4
4
4
3 717171447717147771
4
4
3 111471744114471174
3 117447441777747747
4
3 774174477174771177
4
3 474411717747177141
1 544454455455554544
4
2 646464466466666666
3 474744114174111114
4
4
1 454555545444455455
4
3 471471144174171114
1 445554545455444445
4
3 444774114114777771
3 147477714711144171
3 474711741717474777
1 445454454545444445
1 445544554445545544
2 446644664644664644
3 417717441114417174
4
4
2 466464646446466464
3 174131174413311774
4
3 133111331774437717
4
4
2 666444464444646466
1 455455554455445555
2 464646444666446666
3 113117331117411434
1 455545455444444455
4
2 444466644446644646
1 455544454544455555
4
4
2 466664444666464666
3 311434311371111471
3 737714474441177713
1 544444555545545554
1 599595559959955959
4
3 317414344473743111
2 464666464446664664
1 599559595559955995
2 464664644446466466
2 466644664464464644
3 333337137341774431
4
2 466444446666664664
3 117447447477734774
3 111743444147114133
3 431777774313744141
4
1 999955999555595999
2 453434454434443543
3 443134773413373417
3 147141444373743434
4
1 995959955595959559
2 434433434453554543
1 599555959995559959
2 443554344533533445
3 433414717471743731
3 417413744713173713
2 543353544545454434
2 343534345353433455
3 374131377374743134
4
4
3 374111443771477343
4
3 141711444734377741
3 714344777314743114
3 771441133411313173
3 373374713344377717
4
4
3 733434714733114313
4
2 344454445334343435
4
3 337411473434117417
4
3 134337773374374371
4
3 411747377711377441
3 714433731334713441
3 173137344434737133
2 554433443444545433
2 544535343435434433
3 411777714773771317
2 343545534334554545
4
1 595595999999595595
3 373774177411171377
3 147434777314173174
1 555599995999595599
3 717747373731311414
2 454443555545455334
2 353453544345334534
1 559999955955959955
3 747111774741474117
3 174773414713173337
3 443347737344444133
3 313477444437774744
2 354355335543553353
1 955995999955555959
3 411443743473331741
2 353534534535345345
1 559599555995999595
1 599555959999959959
3 113773433371173343
4
1 555955555995999955
4
3 313437471377317134
1 555959959555555599
2 333544343355445443
4
3 713747774444174141
2 533555433435454335
3 743141134377441174
4
2 453555343553334533
4
2 554354543534545355
4
1 559599559555999959
4
1 555599959559555959
2 354454534354555534
3 113377441414777173
4
3 666864688888646648
4
4
1 599999595955555555
3 864686884448686446
1 555555959599595995
2 344533354333353544
3 648846468884448686
3 688684468884646864
3 864644866468884468
3 646888488444644688
4
1 999999559599999555
3 484488644688886466
1 995955995559595995
3 844664844468468668
2 433533545355353553
2 181118847477411484
2 114847188487478711
3 484844844668666448
3 844666644648444688
2 774774471848417888
3 668668466644868686
3 484446888666446468
3 866644484846888864
3 468484684648868488
1 599555995559595955
3 668448486848688444
2 184718448814141487
4
3 464866886446488466
4
4
4
2 877478848718711144
3 688444688464846664
2 417874111711778874
3 888666466488448446
3 868644488448448866
3 848484686664644664
2 418411717778818187
4
4
1 448448844444448448
3 488864646864668844
3 668886666444484646
2 874748748488848478
1 884848448844884844
2 881477841887184111
3 684484686644448466
2 478714714481818778
3 486884844864488848
4
3 646648868466866888
3 668686666886864666
1 484884444488488884
1 848484484844448844
3 686686868488466448
4
2 448884118414178114
1 888888448888448848
3 488486444444444884
4
3 888486464486488868
1 884884888844884484
1 844448848884848844
1 484488448444888888
4
3 668844484646488444
4
2 488484418787417471
1 448488888488448888
4
3 466886648848848648
3 884846446886866486
1 444448488488444448
4
3 468866464466886668
1 488448844888484448
3 666486684444466666
4
3 846688468686466466
3 464848448666486444
2 174814781488178841
3 664888446666448446
3 484888484884864648
4
3 846648644644468644
3 446864888688468488
2 788787878184714481
1 448484488884444448
1 448848484848488448
1 844488488484484484
1 448488884888484448
4
2 114778871771147481
1 884444888888888884
1 484884488884484848
3 888538353555305585
3 538808350333850500
2 144181118777818414
2 114841841444817147
4
3 858883333050338530
3 555553503080053535
1 444484888884888484
2 814887741174177714
3 585355085830338538
3 005538880553558803
1 884844844848884884
3 833805808003803083
4
3 880000805835508035
3 030385050358035555
3 880353808583838058
4
3 058308500805083338
1 484444844484888844
3 550300800053538083
2 488488874481781178
4
3 000880055055585800
4
2 471771818478181744
3 350083555583808080
3 555588030083088838
2 943493444393994943
3 808555350533035053
3 005583833538538835
3 888355858305533335
2 444394999943993933
3 358355888885808505
2 449499939333334333
3 085885333385830833
4
1 878877887878877778
3 333330838530303508
2 399393444933944439
2 933394339344444399
1 887877877777777878
1 787878887877778877
3 833030553335585803
3 083355550853005800
1 787787788878788788
4
3 050338355833085083
2 944939443343439333
4
1 778788888888877888
3 830500508503880035
3 880588080580035038
1 887888777887778788
1 778878787787787787
2 994344394443939344
4
3 053305858535355558
1 878877777877778787
4
2 949399333933433949
1 878888887788787788
1 787777877788788787
4
2 444993493493444499
1 878877778778888787
3 805888388500050858
4
1 778888787787787887
3 300850005380553350
3 805500350035530008
2 999344449434943333
3 008553355585353335
3 308053803385383500
4
4
4
2 339493339399934939
4
2 944393944394943939
1 777877888787787887
2 434349443334939493
4
3 530588883003805588
3 088588000383800858
3 850508530085300888
3 350858555333058583
3 508880508805508030
3 053030833883303380
3 888305053330080558
2 933494994939394943
2 994434439334393933
3 550580335500308303
2 993434399944499443
3 813883893381999191
3 991983131811918389
1 788887887878888887
4
1 777787777887878878
3 989318339318888131
1 878887878777787877
4
4
4
2 944939993343399394
2 349334443349434493
4
3 381338988193931183
3 931319333831991918
2 394999944339949493
1 787777878878877777
1 778878788787787777
1 778788878788778788
4
3 383111913919991989
3 399981199333138991
1 888778877887888788
1 244224224244244422
4
3 813338199889338898
4
2 399949939343444434
3 138393318399131839
3 911938819319983119
3 133811393139311899
3 383919131831388318
1 424442242424222444
1 222444244222444244
1 422422444224424244
3 138391811338113111
2 444880999440889988
2 048808094094049400
2 809400999848808440
3 889391111911181381
1 442242224242424442
3 991981939813311811
2 498440889908098404
2 999099489084098849
1 222244422442444242
3 189199193398313119
3 199988188183183389
4
4
3 383833991898139919
2 898408899888488989
4
1 444424444242224222
1 444444444222224222
4
4
4
1 422222244244444424
3 831199913381898193
4
2 494000088008040949
3 939383389933139913
3 313993191391191899
2 994048808088804408
1 242444424422244224
2 800409080800040804
4
2 484094899904890889
2 084884944999084909
3 318191383989139398
2 990408800980049444
3 319893183838888198
3 889939911191139383
1 424424422442242244
4
3 388933193381989883
1 244224224444222422
2 448980094940488040
3 881838991933139319
2 944909884098894840
2 090040499480884884
1 242224444242442222
2 984498489980000940
4
3 931393939118181899
1 224442242242424422
4
1 424422422244424224
3 118119891119118899
3 391918131831993889
3 339893983811919811
3 319918198119319331
4
3 133988381889189898
3 818399993983111198
1 424424422244444242
1 422444422444442222
1 444444422442222242
3 139139819989918333
4
3 919118133883398889
2 940489808949880499
3 388991889199388138
2 849849894044088889
3 391139399931918931
3 818893133313338318
1 242222424442244244
3 191191118931911339
2 900089849444990088
2 488884944980498800
4
1 442424224224222444
3 918893193893111893
