1000
1 699996996969966969
1 969699969966996969
3 000044700460407606
1 966669996666999996
4
3 700064406006640476
3 881881181118881888
3 888848444848888848
3 818888118818881881
2 166666661111111611
3 644477044076706600
4
4
4
2 166116111666111666
1 969696669669699696
2 661616111111161611
4
1 966699696996669969
3 604770660770446067
4
1 669996969999996699
1 969666696666696996
1 999699996966699699
1 699969669999696996
3 757757755777777575
3 766644440606746760
4
2 166111161116611161
3 770406064407407770
2 166611661166616666
4
3 664007470777046607
2 666666661666611116
3 171777711117171717
1 666666999999966999
3 711117111717177177
3 707007770046674040
3 766704666664766770
3 335333555335535533
4
3 939999939933393939
4
1 999999666666966996
4
1 699999999969699966
2 661616166161116616
2 161166616166111611
3 775757755575755777
1 969669696666669999
3 555551515151155115
4
3 877787888877888878
3 600746667474406607
4
3 467676407666467004
3 706076644447674664
4
3 151551115155151515
4
1 996969666669696996
3 740067466446476606
3 400464077606407060
2 111666166166666666
2 116166166666616611
3 996666969996999966
3 464040666760447667
1 996666969996999966
3 151551115155151515
4
4
1 999966969666669969
4
3 660746476770400040
2 111166161116611611
2 111616111111611666
3 877777787787787877
1 966669999996666666
4
1 969669969996666996
1 696696969669669999
2 611666666661666111
1 696669999999666996
2 611616116611111616
1 877787888877888878
2 166161666111161116
3 511515511151551111
2 111116111661116166
3 757777755755775775
3 757777755755775775
4
3 778788877777778777
4
1 877878787778777878
1 788878787888778887
4
3 969666696666696996
1 877777787787787877
4
3 557577577755775757
3 044007067066040747
3 577557575775557575
2 111666166161616611
3 607406474040006674
2 116111116116116666
4
4
1 787778787887888878
1 778788777887787778
2 161611661161616161
3 668856868568655885
3 566866686585888688
2 611666111166116666
3 586868565888655565
2 122421992114111999
2 122119414124494991
3 556655685685566855
4
2 211199194192421219
1 878877877787888877
3 353333533555335533
4
3 556565665585558565
3 881881181118881888
4
2 921911994999149911
3 866586555686588856
4
3 771777117117111171
1 877788777877877888
3 155151511115151151
3 996666969996999966
1 777878788877878878
4
4
1 777778888777788888
3 665585868686865668
3 856868868865868685
1 877777778877887887
1 777777777787787887
4
1 877787887877887887
3 668886588666686568
1 788788877777788787
3 888788877778877877
2 911244919441414994
3 555755757755777577
3 177777777777777117
2 221221921499911244
4
1 877788887877888777
2 944121122441241194
3 666686588586566855
1 887878877877777888
3 484884448444484448
2 199212294414921149
1 788888787887787878
2 249211444499444129
2 221924991229422421
1 888788877778877877
1 778788877777778777
3 555111115155555511
1 877788887888877777
2 444499194299111249
4
3 666656585565855856
2 412221411191229149
3 335335333535535335
4
2 924929911929911212
1 775777757775557555
2 244114199194124149
3 556886588858558686
3 777778888777788888
2 491494944149424111
3 777878788877878878
3 111181111118118818
4
4
2 141229194411422224
2 292211444991292291
3 856868655558686556
2 199142942419442494
1 757757555557777577
3 335335333535535335
1 555755757755777577
2 992422114992444492
4
1 757757755777777575
3 335533355353353333
4
2 414214194244241499
3 665868568686688585
3 484884448444484448
1 775777775777575757
3 686588556656588856
3 711717111111711171
2 849889998944111491
3 856568858566686858
2 948918441141411494
3 844848488488848488
3 775777775777575757
4
3 771177771177111111
3 118881818811188181
3 757757755777777575
3 771177771177111111
3 696669999999666996
3 111771171711771717
3 555551515151155115
3 555577577575757777
3 818185188851155518
3 555557575777755777
2 119841811811441494
3 777575575757577557
3 881558588518151151
4
3 511588158518511815
2 191141819899818844
2 411488191999449811
4
2 144489848918949114
4
2 141949819884988498
3 755775557555575557
1 757777555775555755
1 575577575755555575
2 984944189884144184
1 775557757555577575
4
3 339399399399939393
2 888441889194118414
4
3 555355553353353355
1 575755555757757575
4
3 755777775755757775
1 555755777555577577
1 557575557557577775
3 484448888484884844
2 841491949949941194
3 555755777555577577
3 575577577777757577
3 669996969999996699
4
1 757775557775555575
4
1 555555575755755575
2 198911148848898198
3 551155551555155515
3 177117171717711171
1 777757557557577577
3 775757755575755777
2 191891494818499898
3 877788887877888777
3 555755757755777577
4
3 696696969669669999
2 499114118199811181
3 555555575755755575
1 555557575777755777
2 191888499981148898
4
2 844414814884448914
1 755777775755757775
3 581851858185185188
3 888118888811188855
1 557757577775577555
3 118881818811188181
3 775757755575755777
1 755757777757575557
1 577757777755575757
4
3 757757555557777577
3 488484488488884448
4
2 984848889148814848
2 419888481144991498
3 555855585855515555
4
2 188481448848999888
1 775757755575755777
4
4
3 585118818118518815
3 775777775777575757
3 855581151515818185
3 588588118558115158
4
2 894414141498419491
3 555577557775777757
4
2 899949198184918911
4
1 111555515155551111
1 151551115155151515
1 155515115115151151
3 555551515151155115
2 886886868888866888
3 118585855815118158
2 686686886668886668
3 333533533335553333
4
3 511885185115581888
1 151551115511111111
3 669996969999996699
3 757777755755775775
1 155555555511155511
3 996666969996999966
1 111111511111151515
1 115551551115115155
3 151005557155700100
3 333339393939939333
1 155555551555111151
1 555111115155555511
4
4
4
2 666866866668866668
3 775115717715777717
2 686666666686886668
1 511555551515151555
3 101150711151577157
1 151155551155115111
3 150770557150505771
3 111151155151151555
4
1 115115511115515511
1 555551515151155115
3 775775557577575575
3 151551115155151515
3 711717111111711171
2 866686668868668668
3 555533353353353555
3 777717177111777177
4
4
4
1 155151511115151151
1 111151155151151555
2 686688688666668866
1 111155515115111511
4
3 511555551515151555
4
3 770711517071150771
3 118881818811188181
3 777010070515517575
1 511515511151551111
3 577557575775557575
1 551155551555155515
2 866666688886866688
1 511155155151111111
3 757501771107501707
3 710555751000577157
2 866668868888686886
4
3 107070050710557007
3 555533353353353555
3 484484488488488444
4
2 668668866868868686
3 888111881181811888
4
4
2 868668668686666668
3 771771717717717117
3 551155551555155515
2 886866666666866686
2 688666868886668866
1 515555551515515111
3 996666969996999966
3 399399993933339933
3 484448888484884844
3 488484844488884848
3 105510550500777071
3 484884448444484448
3 877787887877887887
3 515550515515705505
2 666668686886886866
3 550705575575755011
1 848444888888488848
3 510575105501711010
2 886668668868888686
2 686688666688688888
3 100575511777577751
3 877777778877887887
2 888868688886866868
3 777555577557777557
3 551155551555155515
4
3 939339939993339333
3 455454555555554545
4
4
1 444484484884844448
2 868866888866686688
1 888844884844484884
3 484448888484884844
4
4
4
3 554444445554455454
3 111151155151151555
3 777757557557577577
2 868868688668688666
2 668668888886866668
4
3 557757577775577555
3 444444544545555544
4
3 696696969669669999
3 454555455555555555
3 511515511151551111
4
2 866888666886868666
1 888848444848888848
3 888788877778877877
4
4
4
1 848884484488444484
3 455445444454455455
4
1 844848488488848488
3 969699969966996969
2 330300333033330303
3 535355333535553535
4
1 444444448448848884
3 445544445455555554
3 399999339393339939
4
2 030300300003333003
2 333033333003000000
3 555533353353353555
3 535355333535553535
2 030300330303330303
3 444455454545445445
2 033300300330000033
1 488484844488884848
3 788878787888778887
3 555577557775777757
4
3 887878877877777888
3 775777757775557555
4
4
1 484448888484884844
1 444848484444448888
4
3 355353555555333553
2 330030000033303030
3 444445545545554454
3 333533533335553333
4
2 030333000003303000
2 003330003000000003
1 884844848488888844
2 303300033030003333
4
2 330333030033000333
3 188811118888188181
2 030330033333303333
1 488484488488884448
3 696696969669669999
3 881811888188888811
1 484484884448848484
1 448888844444888484
2 330030303303033033
1 888484444484848484
3 445454545455444455
3 544444454454454545
3 771177771177111111
3 554555444544554445
4
4
3 445544545545444444
4
4
1 448884484888484444
2 333333000303300303
2 333033330300330330
3 888848444848888848
1 484484488488488444
1 484884448444484448
3 535553535555555355
1 444884444444844488
1 848844444888848444
2 333303000033303330
3 777878788877878878
3 151155551155115111
4
1 335533355353353333
4
1 353353335353333555
3 109510950099155501
3 199559950051150090
3 191159550199001095
1 535335555533333555
1 335335333535535335
3 550955015590151909
2 300030330000033303
4
1 533333355533533553
4
3 901505510099015059
3 551010005990999000
3 059500090195050511
3 190105101510015900
1 355355353555333555
2 000033000000303303
4
4
4
3 195910911095999919
3 051509150055019015
3 050519955905919050
1 535355333535553535
1 335533553333555353
4
1 535553535555555355
1 555333555535335535
2 000303033000330333
2 333030300003300030
4
4
3 951059150095050190
2 330000000033333330
3 505095095910900091
4
2 111144411141141114
2 141411141141141444
1 553333533333353333
4
3 991999511015505501
3 000190001099105555
2 441114414144444141
1 555355553353353355
4
3 159901591109019119
1 555533353353353555
3 095995155595909515
1 335333555335535533
4
3 155500001590110919
3 109510510599101111
1 355353555555333553
3 111510515111900910
3 550500109905509151
1 333553333353335533
3 590551510159099900
3 951951590919100599
3 015090119191000950
3 959590900011159959
3 110991115500059900
3 055095900990995055
1 353333533555335533
2 414441144414444111
1 333335553335335553
1 333533533335553333
3 099900015100559195
2 111141444414444414
4
1 335535355555333533
2 414444114411144114
2 414411114441144414
3 905910511911109990
1 171777711117171717
1 771771717717717117
3 595119991950011150
4
1 711117111717177177
4
3 050999155955591151
1 771777117117111171
3 591501951155599051
3 191955000901550015
3 055055991119090115
1 111771171711771717
4
1 771771717771711771
2 411144411444411114
1 177117171717711171
2 441411441114141444
2 114144414441141141
2 441141144411444414
4
3 559199155111195955
3 099119559101059915
2 141411411444414144
4
2 111441411141144144
3 115019910505950115
3 091909190951991955
4
3 951005095995519505
4
4
1 777771117717777171
2 411141414411411441
3 510591119010995511
3 996963693333333399
2 114444111144444441
3 966999363396999396
3 333639693939393696
1 171771711177111771
2 111111144444441441
2 441144144444444411
4
3 996369696363633336
2 444411411411441414
1 177111717711717117
1 771177771177111111
4
3 963666369663366963
4
3 633663639639633663
3 333399633699696396
1 177771111111117111
3 633393339696366963
3 663699639966999339
2 414444441411414111
3 369399663999996699
2 414114411144141111
3 999999996663393363
3 936363639993936633
1 711717111111711171
4
1 177777777777777117
3 966636696969966996
3 666396966396696699
3 963696363636666339
4
4
2 724747722472733244
1 777111117777111177
4
1 771177711771777711
3 639699633339969399
2 272272334373733427
1 717711771111777177
4
3 399663636693393669
1 171171711171111711
4
2 343223333423274344
4
4
1 777717177111777177
3 666396639399939693
2 777724722237247477
3 393636669963663936
1 171177717177117777
3 333369699636693396
3 333699393939696333
3 969669666696333639
1 939999939933393939
2 774372442724337374
1 933939339999393999
1 933333999933339999
1 933933339993393999
4
3 993936699666369663
3 636636963936936969
4
2 277373742342433424
1 939933999999399999
1 939933993399399393
3 699696969336936369
1 999933339333999339
2 744473733443332377
1 339399399399939393
3 666933696366936693
3 663396636369636699
2 324743432423723774
2 744437237423724372
3 633939333339939663
3 639663993339933396
3 969333996666999936
3 339999636696999639
1 399993399939939393
4
4
2 742737222242434324
2 777322272224734723
3 366696336663993369
3 696996999993933999
3 969393699399363339
2 233324427744724422
4
3 933666666966969963
3 999333666663939633
1 399399993933339933
4
4
2 273473223337777473
4
2 372337742424732344
1 933933939933333933
4
3 996993336396693633
2 723434733242442344
3 336339969993666336
4
3 999636663339366963
1 993993993393933939
3 633996369933636363
3 917711177199119797
4
1 993999333333399339
2 234223473442237447
1 333399933333939393
2 437277274773274327
3 177777911119177997
3 977191719997777997
4
3 197117911911771179
4
4
4
4
4
2 333777343737772733
4
1 333939999939339399
3 919919999197797197
1 399999339393339939
4
4
3 117777997719199771
3 117777717171971917
1 333339393939939333
2 774423422722433444
4
1 399339933399339993
2 432437274732374774
3 799171199999797719
4
4
4
2 336663693669363969
3 199919791719977799
1 993933933333339999
3 771119117177777919
3 179799197991917977
4
3 711717111771997179
4
3 797111171177999779
3 797177171997991791
3 117777979717917711
1 939339939993339333
2 966963663399639936
2 336339366333639393
3 177177777797199197
4
3 979797119911977991
2 363363336993699336
3 199999997979197197
3 997177991911191171
2 333696396666996936
2 393999969336669939
3 711797171711919997
3 911991799919771179
1 557577577755775757
3 191111791771179717
2 339393939366333633
3 719117999997179111
3 719779791977719197
4
4
3 771999797771971919
1 757577777577577555
4
2 366363999399999633
3 197719799199991177
4
1 575577577777757577
2 999693399666996933
3 179191911719191979
3 979719119911191997
3 717777111119711797
2 693336969936993963
2 636936963699396996
1 755775557555575557
3 979991191779797799
3 911179117117791991
1 775555555775757575
1 757777755755775775
1 555577557775777757
1 777555775775757557
3 771997779771917991
4
3 977999799911111911
3 117179199971797777
1 777755575775757755
3 997777979119779171
4
1 555577577575757777
3 919119179771997911
3 177177977917997717
3 919799799999717711
1 755577577557575557
1 755757557557755757
2 396339399966996933
2 666696993669369696
2 393999633636396366
4
3 779911171791111199
3 771911177719717179
3 668663886388638383
4
3 833336368333366888
4
3 866366683366683388
3 633388688663833868
3 886638883883383333
4
2 699339963336993666
2 639969393933996396
3 686383888688388683
4
4
2 999933693939693936
3 366666836638663688
3 633633368883636368
2 636939363399366933
3 666836868363363836
4
2 663969696993669363
1 777555577757575575
2 999363966369963396
4
2 144222141111424121
3 633886363883686383
3 636833888638368666
3 388886686663388838
2 444114211241222121
4
3 333836838688668886
3 863868386886366338
4
1 757575777775775775
3 636833688663638368
2 244421211424422242
3 333886688368666683
2 124442414212212222
4
3 363686383336363668
2 441421441414424124
3 838386683688886663
2 444111441142122411
3 683868868388638833
4
3 338833888336636838
3 683638863886838838
3 888883838836366338
4
3 866883863868866366
3 688386383663386638
3 638666636366363383
2 224241224211144222
1 577557555755577555
3 888386633636838883
1 555777775755777575
1 577557575775557575
4
2 412141122214411412
1 777575575757577557
3 868838683388833686
2 441241411244414214
2 224441141242422214
3 833868866686883688
2 111141414221414224
1 777555577557777557
3 886363338683866686
2 121121412442111424
3 688338366333336686
1 775775557577575575
4
3 688363633666666633
4
1 181181118181888888
2 414242142211412141
3 868366363863666883
2 244111124221422144
1 188811118888188181
3 366663388638363683
3 383668338866636868
2 222444241244424121
2 242222244144441142
3 836836866863638883
1 118111881181111181
3 686363868638636686
3 688863668363663683
3 838633866868368338
3 368838666866363836
3 638663333866366336
2 241111444214144112
4
1 888111881181811888
3 595959599595995559
2 244441214224211442
3 955559555955555955
3 995995599599999555
2 124114121422211214
4
3 555595599995955559
3 559959959555559555
2 444242241114214414
2 299299992992222292
4
3 559559959599595999
4
3 595599559999959559
4
3 555955999599955959
4
2 922929929222292929
1 181181181188888888
3 995995595595559559
1 881881181118881888
2 299299992292299299
2 222999292292922299
2 229992292922222922
3 595555999599555955
2 922222292999999292
2 222229922929292999
4
2 999922929999999929
4
4
2 299229229229922999
3 959555959599555955
1 811111811111188811
3 599999999555999595
3 959599999559555555
3 599599599999999999
3 595999595955999959
4
3 599955955555599959
1 818811111881188811
2 992992992222292292
1 111181111118118818
1 118881818811188181
4
3 555595999555559599
4
1 818881111881888888
1 188188818188181118
2 999922299229922922
3 599595559999599555
3 959559559999995995
3 595599595595999555
3 559955955559599595
4
3 999995995599959995
4
3 595599999595555559
2 229992299229992992
4
3 955555599999999595
2 992999292929222222
3 995555999955995955
1 181888818881181881
4
1 818888811881888881
4
3 599999599999959955
1 111118888881111111
1 881188881888181188
3 955959999555995955
2 999299922229222222
3 595599599995955995
3 599599555599999959
3 559595995999595995
3 555555999955995559
3 955999559999995595
1 818181181881881118
3 555999595995995555
2 292992992292992999
2 929292929229222999
3 999595995595955999
2 222999292922992992
1 818888118818881881
3 595559555599595955
2 929929929922299922
1 811818818118181111
3 595555959555555599
4
3 559599995595995595
1 881811888188888811
2 299292229299292222
3 999999555599555559
3 599595595595595959
4
2 992299999299229222
4
3 959955559599959959
