1000
1 011101001100110000
3 556665665656665566
3 883888838883833838
3 635622533226266565
4
3 777277277222772772
2 904400094094949949
4
3 336363333666366336
1 111110000101010101
3 555265326353322552
2 904900094000499040
1 000111101110010001
4
2 009404900940990094
2 900999944499400490
4
2 909404994044499090
3 322336252363365225
2 494409949099404040
4
1 011101000010000001
3 833838888883333338
2 094444049099449949
3 225352565236533256
3 655256653565232236
3 566666566656565666
1 101101100000110110
2 040940994940440994
3 636532323336633356
3 555356325562555325
4
1 001111001000011011
1 000111000110000101
4
1 110101101011110110
4
3 777575557757757777
1 101001101111010001
3 776767676676676767
4
1 110100110000100000
3 225222552522222522
3 223656332663633565
4
2 444004400900440940
3 011101000010000001
3 555775755577775775
4
4
3 223323322323233232
3 557575757775575575
4
4
4
1 101011101101000111
3 323335555326223335
3 322332322323322333
4
3 333333333366663663
2 900004400094440909
1 111111011000110100
2 040004949000940009
4
2 449400409940990000
3 338338338888333383
3 338833338338338388
3 325365332636533556
2 449449000999949094
4
4
2 400494494940499494
3 656366363662622663
2 449900499094090009
4
1 000100001011001111
3 565562355665336236
3 663666366333336666
3 727727222222727727
3 111161661116161111
3 666161161161116111
1 100000100111111010
1 111000101110010001
3 556236552223555632
3 000100010011100111
4
3 523266552566522532
3 888333333383883388
4
4
4
3 755755777575777775
3 666661166666166616
3 323653625626332226
3 161616661116111111
4
2 990904049994940449
4
3 222525255525522225
3 552255522522555525
2 900000904440940904
1 000100010011100111
2 449000099004090099
1 101100101000001010
3 222522225522552255
2 404490094440099900
3 525552252222525255
1 001111010001001000
4
3 777777722777277777
1 000000110010001001
3 225222222222222525
2 044409449044094099
4
3 333323323233223222
3 332322223323333232
3 101100101000001010
1 001010011010101100
3 116111616661111111
3 522225525552222525
1 555666655656665556
2 515175557717155715
2 177755151571777771
3 555565556565656565
2 715717157715111777
3 522555255255225522
3 336363333666366336
2 115175157177115771
1 665665665666666665
4
1 665655656666566665
1 555565655565566655
2 577151151555175555
4
2 755751715755517151
4
4
1 656666556555656656
2 555171711575715771
3 775577575557757757
3 222552555555252255
2 177575777751777177
3 225525222555252525
4
3 727222222772727222
4
4
3 252522252222552525
2 111511551171711577
2 115757555711551771
3 777277277222772772
2 551757171551751571
2 155175511555577177
3 727272227727722772
4
3 888383338388383383
4
4
4
3 522225525522222555
2 577575577117111111
2 715577171751777157
3 111116661166611166
3 776666766667776667
3 525555252255522222
1 556665665656665566
3 676676666766676676
3 525255222225255222
4
3 661111616616611666
3 557575757775575575
2 151571111177717751
4
1 555565556565656565
3 552255525552255222
4
1 556556566556566566
1 566565555565566655
1 566655555655655566
4
3 011101001100110000
3 225222552522222522
3 166666166166666161
3 322223233333232323
1 655555666555666555
2 577151511557577751
2 757577717775755175
4
1 566565555566556555
3 225222255525555522
2 775711715755777575
3 232223333332222223
3 525555252255522222
1 656656555665666656
4
3 552525222252225552
3 000111101110010001
2 175555155517575117
3 116166111166666166
4
3 776767676676676767
1 656555555555555666
3 555522222252552252
4
2 751777175117771157
3 767777777776766777
4
2 133543411351314453
3 838888883383388333
3 266260606602066620
2 355151553134414554
3 383838888338383833
1 566656566665555665
3 220006206006662660
2 451434531154544113
2 531155351143354115
3 662066600026660022
3 622622660006602600
1 656665666665656656
2 415354151134445355
2 434351351355153153
2 441151155511431344
4
3 006066660622660200
3 662066000222226266
4
1 566666566656565666
1 566556565555556666
3 222555255225522222
1 566565565655665556
1 665666655655565666
2 513533345441411451
3 066206626002600602
3 676776676677676666
3 006202666620266662
1 677776767667777677
1 776767676777777677
4
3 727727222222727727
2 515135111431113541
3 626622062206202002
1 677676776776677776
4
1 676676666766676676
1 777667667776676767
3 566556565555556666
2 411541344441554143
3 363663636366663363
3 226666260060666022
1 677767676666667676
1 776777666667767777
1 676776676677676666
4
3 606000600622060006
1 767777777776766777
2 453554415315133334
4
3 022266060660266002
2 433354555434451114
3 227722772222277772
4
2 533411534511115431
3 260200202000666620
1 767677767776676767
2 145511354453351414
2 311144313143315533
2 334555311335431354
2 445433145333154415
3 116166111166666166
3 775575577557575757
3 661616161111616161
4
2 415454133411143434
3 222552552552552522
1 766767676676766667
3 101101100000110110
4
3 775577575557757757
2 544341451513335111
3 202066060006602622
3 220666600662066662
2 553341544435135411
3 556665665656665566
4
3 111161661116161111
2 464662444226426462
4
3 116161161666611111
2 666442422442222644
3 663366633336636633
3 232322232332232333
4
4
3 577557557557557575
3 575777547457774555
2 664244426644626446
1 677666667767767766
3 574454775557555574
3 722777277272727227
3 575777755775777775
2 662622246466646642
3 777277277222772772
1 777776776766676767
4
2 264446244464626444
3 522252552255222255
4
2 226662662424246424
1 676666676677777776
1 666767767777667776
4
3 883888838883833838
1 667677677776677766
4
1 776666766667776667
2 664464424242462626
2 666462242664464464
2 246262622666446624
2 424262626622426462
1 767666776667766677
4
1 776767676676676767
3 744774754747554574
4
3 457547745445777457
4
2 442422444664646624
1 776676666676666677
3 454774775555774575
3 722772227722227277
2 222644446626466642
3 776767676777777677
3 557757577557757755
3 333222222232332233
2 222246644422622622
3 557475457455557554
2 446622624662626262
3 001111001000011011
2 266426424642622224
4
2 426626426442226422
1 336636363666333333
1 363336663636336663
2 226624444442446242
1 633636366636366663
3 545774447445545545
3 745557744445454444
3 745554555475547747
2 222222244246266426
1 633333663363336333
4
2 624426446242224426
4
1 666636636663666636
4
3 616111161611166116
4
2 224666242462646246
1 633333366636663636
2 556996566995659966
3 677767676666667676
2 555596969966699565
3 383888388888388333
2 656566596559696959
3 777575557757757777
2 695965559696996659
2 556699655965599599
3 333222222232332233
3 474754757447557755
4
4
3 575447775557745544
3 444577554757775447
1 366666333363663663
2 556655966965966656
3 755555754755477747
1 663366633336636633
1 363663636366663363
2 555659669559699655
3 116161161666611111
4
3 222277772722227727
2 659595556665659656
3 633636366636366663
3 363336663636336663
1 336663663366633633
2 995556669995959965
3 475575477544775454
1 666636336633363336
1 636636663666633663
2 656555596656559599
1 363666333363633366
1 333333333366663663
3 447757577457477745
2 696656555566966665
3 777557775775577777
3 755755575555577557
1 636663663363336633
4
1 633636666366336366
4
2 659555565959966566
3 656656555665666656
3 747454554557444554
2 669559595569659655
3 677676776776677776
4
1 666666366633666336
1 663666366333336666
1 336363333666366336
4
2 569555666556665595
1 363666336633333333
3 722777727277272272
2 695696669596669669
4
1 727727222222727727
3 146416146611414166
4
2 595969659599966596
1 722777277272727227
3 141611166111411411
4
3 556556566556566566
2 659959959669959996
4
2 566566569695999959
3 111161661116161111
4
2 666996996559959595
2 695696566595996565
3 461446146416666414
2 787786686666777778
1 227722772222277772
1 277272277272222772
1 277227222277777227
3 100000100111111010
1 277272227727772777
3 222222333333323332
4
1 222727727777277772
4
3 566666566656565666
4
4
3 767777777776766777
3 776777666667767777
3 333222232333233223
2 777786876866788787
3 383838888338383833
2 777676687876866667
3 766767676676766667
3 332333322322222232
2 778767766766878778
3 666661166666166616
3 677776767667777677
3 661441144441644144
1 772227727777722772
3 164661111116116116
3 776767676676676767
4
2 667687866786888887
4
1 777277277222772772
4
2 686776668866788888
4
3 164461461644464111
3 466611146146144614
3 444464641144644111
4
3 666666366633666336
3 110100110000100000
3 414111616464464611
3 776676666676666677
3 656666556555656656
1 727222222772727222
2 767777667867687687
3 555555225225252225
3 525555252255522222
3 114411666444146644
4
1 777272272777772772
1 222277772722227727
2 666886876687688866
3 466666646164111444
3 111000101110010001
4
4
4
3 144161416464141414
3 116116661666666611
3 644141616641464416
3 614446414111664161
3 333233332222232222
3 555557575575757555
3 614146414166141444
3 611664441661441641
4
1 722772722777727777
3 226622662662226226
1 722777727277272272
3 226226262666226662
3 226266626226666666
2 667666676886778786
3 662226262266622222
3 262626266666622266
2 866786866686886876
4
2 866887776877667868
4
1 227222277777772277
3 262626666222662226
2 766777776878666887
4
1 777777722777277777
2 868877788787766677
2 878886767667786668
4
2 676876786687876877
2 888787666786886768
4
4
1 727272227727722772
2 877678867676868877
2 777687676686676678
2 688677786887768878
4
3 622626662662222662
3 222266622266226262
4
1 772272277722777227
4
1 722772227722227277
3 626266222662262662
2 768678666888786776
1 722722222272227727
2 022222022200200200
4
2 020200222202000200
1 338338338888333383
3 622266226662626226
3 666662222666266222
3 266662266662666226
3 266226262662666662
3 222622226266622222
2 200000022002002002
4
3 622662226662662626
3 222626666666222222
4
3 626662266222262222
3 662222266622626226
3 222666266666262622
2 002022000002202000
4
3 222262626266226622
2 022222000022202020
1 383888388888388333
1 888333333383883388
1 383383833833388833
3 666226622262262666
2 220202202222220222
1 888883888883338888
4
3 626662622222226222
3 626622622226266262
3 622226626262266626
3 666622222662226226
3 662622622622662226
1 383838888338383833
3 666662222666266266
2 202020202020002220
3 266262662666226266
3 266622666222262226
3 262626662626662262
3 666666626662622622
1 338888388388883333
2 202000222222000202
4
3 262222662622226666
3 666662262262226622
4
4
2 020022202222000200
4
4
1 883888388383838888
3 226662266662262666
4
3 662222266266262222
3 262666266262666266
1 888383338388383383
3 222622222226226226
3 266226662662226266
1 833838888883333338
1 338833338338338388
2 020002222000020200
1 383338388338838338
2 200222222220020220
1 833883888883383338
2 000200222002002202
4
3 266262262626622626
4
4
3 262222662626622662
3 205522550020202222
1 833888883833338883
3 022552202055055502
4
3 222500205252502255
4
1 338838833333838883
3 000055555022525505
2 002020220202222200
1 838888883383388333
4
2 020222020222020000
4
3 225050055202022055
1 888883883388883388
3 202055252250022222
3 525502222252225500
4
4
3 050525250252502225
1 888838383383338383
3 055552020522222552
1 838388888383338883
3 522520050205502255
3 252050522500205055
3 252552505000502200
3 022555525520255225
3 525205250205050550
2 020020220000022222
4
2 002200002022220022
2 000220222200022020
4
1 883888838883833838
3 050025000205255250
3 550002022022520520
1 116166111166666166
3 022002520520220005
1 166666611666166666
1 111666166161616161
3 520002025225522520
4
1 166666166166666161
2 220020222222000020
4
3 222255222222002000
3 000552522250255050
2 200200000022000000
3 555520000022005500
3 005252022052500552
3 220525200022255255
2 202202222022002000
4
2 256562500620202255
2 062605650006006662
1 161616661116111111
3 255000522550000222
3 225005500005002000
4
1 116161161666611111
1 116111616661111111
4
2 520500220526660522
4
1 661616161111616161
4
2 655265550506662666
1 161661666111661116
3 200555055050002250
4
4
3 550505255500205052
2 062022550205556222
1 116666661666611616
2 552256526626620505
3 520002522002200050
4
3 250055555022005202
1 111161661116161111
3 200525500220520502
4
1 661161666111166661
4
4
1 616111116166166666
1 616111161611166116
2 500622220202502506
1 116116661666666611
4
3 220552552200022252
3 022205050250055552
4
3 022552250550522050
3 002502020052552500
3 055255000255222250
2 226265256622500562
4
2 262255665265606002
2 060066550525200225
4
4
2 062562222666260252
3 522520002555552220
4
4
3 000555225005220220
2 265626622222265625
4
1 661111616616611666
2 062250560620260662
1 161616661161661666
3 000000500520525525
3 222225202200505550
4
2 560062600006265560
1 666161161161116111
3 202505500200522020
3 374334743438434334
1 666661166666166616
3 848883448874747777
3 834874873488444738
3 447848887837388383
2 555052260620020522
2 602056665256002062
3 748883344483488847
2 526256565265056500
4
4
2 020000262500260005
3 477887733874377488
2 606002052500622056
3 447443787788387487
1 111116661166611166
1 225255225555525225
3 443383434873377733
3 377377483473783877
2 262602665066200006
1 522525552222552552
1 555555225225252225
1 525225255255222252
3 884384733477483773
4
1 222552552552552522
4
2 989118181911811999
2 111891111818888899
4
1 222555255225522222
3 888873744478888433
3 334347344388748744
3 747737784337477473
3 347447433347378877
3 488874777387387488
4
3 877877738448747478
3 388738774843388747
3 747737377738777734
3 344837343734483774
2 891998818811191818
2 991811998991198898
1 255255525222255252
3 473387743333778347
3 483444844334743473
3 873377384338734438
3 444878447874344488
1 522252552255222255
1 222522225522552255
4
4
2 988981188898999898
1 552555552255525255
3 737378487447488488
1 252555522552522555
1 225222222522255225
4
3 384787733333344743
3 387888834748847873
3 734337477834387838
1 222252522255225222
2 999981889118119989
3 747738378438474438
1 525555252255522222
3 384443474348387338
3 873734433448344344
4
3 844887788887487433
3 447347378834377734
4
1 225222552522222522
2 919811988191181899
3 834787883748734378
4
4
3 384838388884373747
3 384378878788343877
2 881988199888991919
3 387487744883847877
2 181818119818889919
4
1 222222225225555552
3 834347888877884377
3 473874887883343343
3 333884348747333777
1 252255555552222222
3 843333433788783334
2 891889188198119999
3 222666662226622662
2 191188119118188119
4
3 266262226226662622
3 266626622626222226
1 222522252222225252
3 266226626222262622
3 666626226262626622
3 262622626666622626
4
3 666666626262662626
4
3 266666222666622226
3 262626662622622626
3 266262626662222262
2 199918811898899811
1 555522222252552252
2 181819918881811189
3 622266262622662626
3 266622662226622262
3 626222226266622226
3 626626226626262662
2 118119811189181918
1 252522525222525252
1 557757577557757755
3 662662266662262626
3 662666262622222266
3 666262222222662262
4
4
1 555757775755757557
3 262262266626266262
3 622626626626262262
4
3 626626222266266266
2 889118818999989119
3 262266666666626662
3 222662626266666266
3 622622226666662626
2 818818818981199811
3 662626222222662266
3 662262662666262266
3 262222226662622622
3 626266626666226666
2 881819198899888811
3 262266226622622666
1 777775775775577777
3 226262222262666262
4
1 555557575575757555
1 777557775775577777
4
3 222622266666662222
4
3 622266666226262626
2 888998119119891199
3 222262666226266662
2 989988189188119198
3 226662266226226266
2 118818199118818181
2 663311666536563661
4
1 575777755775777775
3 662626226226622622
1 555775755577775775
3 262266266666622666
1 755755575555577557
1 557755775577555557
3 666622226222266266
3 266222626226626262
2 361533613665366356
4
1 777575557757757777
4
1 577755775757775755
1 557575757775575575
2 365511335615566566
1 755755777575777775
4
3 626666226622262266
2 616536135611515563
3 626666662622262266
2 655115565161356313
3 262262226622266666
3 358583858835555338
3 355883358833538883
4
2 161656636516663511
3 555538358383355588
1 575577555577775557
3 383555385888833588
1 775575577557575757
3 855553885388883558
1 775577575557757757
1 557777757775555755
3 583538535535388333
4
1 577557557557557575
1 755755775557577557
2 631616561356565166
3 333883353538385838
2 561656653151616653
3 355858335835338388
2 516165536535635663
4
4
4
3 853385888555833883
3 853885558535888833
3 835588553388835585
1 557577777757575755
4
2 553111533335136516
4
4
3 838885355358583333
1 333222222232332233
4
1 223332233233333233
3 888555855355385338
3 335388355353883558
1 333233332222232222
3 553558335853535388
3 888338558333383583
4
1 232322232332232333
3 388585588553558885
1 332322223323333232
1 322332323332223222
3 855358388838553388
4
2 663135563133616165
3 883385358833838883
4
2 656333165136563333
4
1 333323323233223222
3 585888383835858885
3 883885835833853358
2 615631335366153663
3 838855338833888558
1 232223233223233233
1 333222323232233233
1 232223333332222223
2 633553556651531611
3 383833555833535833
4
1 333222232333233223
4
2 115365613163166156
3 855553833388358853
4
4
1 322332322323322333
3 538583885535358838
3 883853385353385853
1 332333322322222232
3 835385333885388388
3 833388883888583585
3 333355535888838353
3 553385355888355838
1 233232333322232323
4
3 883558533338353853
3 553388353385358535
2 561515315135333151
3 535838338885355388
1 223323322323233232
2 151363615136315366
4
3 833383383358535838
1 322223233333232323
2 565615653511636316
1 323322323232233233
1 233322332223322233
1 233333233322222333
4
2 113111333555531561
3 335858833588835835
2 365116631115631366
4
3 355883338333533585
3 858835855533833338
1 222222333333323332
3 588353838835555588
3 533353838885353888
3 355885855555383835
