1000
1 555533533335553535
4
4
2 880081111000108081
1 333353535353535333
1 335533355333533535
3 333535553353353353
3 211220201202011101
4
4
2 111558510011818550
3 448448444488488488
2 118801051051801800
3 001120100100221112
4
3 808008000088080800
2 850810850501018008
3 022020112012200221
2 051185881105850101
3 333555333535353533
1 553355533533553355
4
3 088088000880000000
3 110020011002112000
2 105080015058518101
3 021110122121021210
3 448448444488488488
2 181858880100851518
3 010200202210122002
3 777707770077007077
3 333833333888333333
3 777707770707707700
3 800008880888808088
2 108188580100055018
2 858110001010500105
4
1 535555333553333355
3 200002200220001122
3 080888008808808808
2 151558058015885888
1 555335533333333553
1 553533333333535335
3 555555333533353355
1 335333353355555555
2 010518585805101101
1 533553353535533553
2 881115805058555050
3 233232223232233332
3 777777007077770000
1 333535553353353353
3 233332323322333323
3 222221220100010120
4
3 332232322232332233
3 454444445455455454
3 003000030330330000
3 021110021121121212
4
3 455555554455455544
2 851550015511015550
3 100120112001001122
3 333535553353353353
4
1 355533355555535553
4
1 533353535535353555
1 335355555355353553
3 554454455544445444
2 008880008550180000
3 233332323322333323
3 222100122102010201
1 553355535353353533
1 335535535355355353
1 333555333535353533
3 100121122111021001
3 012210120212100121
2 510111081508851500
3 100101100202202221
3 833838888388883388
3 300300300033300303
2 111818818550501058
2 801011015111051858
3 883883838338338838
1 555555333533353355
3 211110200002210201
1 335355555353355553
1 355555355553553333
3 121221221211112112
1 355335535535333553
1 122111222112112212
3 822882828288228228
3 455554554455554544
3 595591900010591501
1 222221111112212121
3 822822888882228222
3 051050950509001519
3 195955991919509590
1 122121111222112221
3 900999010011001509
1 212111222221111121
3 011999951595019151
3 515500590555091511
3 190555909900550900
2 055181051500801801
2 805815088551588118
2 808815158858805881
1 221212111211222111
4
1 121221111112122221
3 901905011901599095
3 448884488888448848
3 844884448448488444
1 221222112112222211
4
2 110950915500001101
3 222211111122121222
3 838383883333888338
1 122221211112211121
1 212122122221222212
3 554444445444554444
4
2 001050911595959001
3 212111222221111121
2 905199915105191050
2 091100055009911091
1 121221221211112112
2 919599555595099095
2 595511959510919599
4
1 121121121122211122
1 112111121122221222
4
3 777707770077007077
2 555510151019115550
1 222211111122121222
3 033330033033333000
3 333303300030030300
1 112221122112222111
4
1 122122212121122112
2 015505199900191159
3 008800808800088080
1 112212122222222111
2 101150010901919900
1 111221111112221211
3 330330030300300030
1 212122122221112122
1 222112221212122121
4
3 800008880888808088
4
3 990510550099195509
1 112221211222222112
1 000700770077070770
1 777707770077007077
2 105109001555501511
2 511501051505511995
1 777707707770707700
2 110155990099999000
2 991111990591959150
3 199505905015509109
2 959001009010909095
4
4
4
3 221212111211222111
1 777707770707707700
4
2 095991905099150550
2 009511955999901950
3 533353535535353555
3 388833838883838833
2 009000150051055905
3 338333888883838388
1 777700000007707707
3 505950995991595510
3 095115150100551051
2 509990505919505509
3 900050005105595009
3 112111121122221222
4
2 599095105509591191
1 770700770700777077
3 515599550105555511
1 000007070707770777
1 700007770770007707
3 555335533333333553
4
3 707700777777077707
4
3 288882288222288282
1 707700777707077077
4
4
2 515905905900050111
1 777777007077770000
2 232333222222332232
1 070770000777007070
3 001150010950115501
4
1 000077007007707070
4
2 232223222322233333
1 000077770070770077
2 332233322222322333
2 323322332232332322
4
1 000707707700007007
2 232232323323333332
1 707700777777077707
3 999095919510119001
4
4
3 833383838838338838
3 474746664664644674
1 707700777707007707
2 322223222323332322
4
3 000077007007707070
3 464744644764777444
1 077007077070700770
3 000007070707770777
2 223223322232223233
3 828288228882828888
3 112221122112222111
3 647444767446674676
4
3 535555333553333355
3 476464474464664647
3 808008000008800000
4
4
3 884848844484484888
2 332233332223222333
4
4
3 766667674464474774
3 553355535353353533
4
1 770070070770707770
3 777674474767446647
4
3 008088800088008088
3 455444544454544544
3 777674777474777666
4
2 332332322322232322
4
4
3 488444884884488484
2 322222233332223233
2 332322233222222233
4
3 777770707000770700
2 223233223233232222
4
3 303003000030033330
3 333303300030030300
3 121221221211112112
3 800008880888808088
3 212122122221222212
2 333233223232333233
4
4
4
1 070770000770770000
1 777770707000770700
4
4
3 355555355553553333
1 232223333323232332
1 233333223323233322
3 444666664766476766
4
3 444447676666646667
2 323233323323333233
2 332323223233333333
1 333323222322232323
4
4
3 476776774666747647
2 233222222332322322
1 223322232223233322
1 223333323323333333
3 454454455544455544
2 223333232232333232
1 333223222222223223
1 233332323322333323
1 233322333333222222
3 664744476477467676
4
2 232332323222323323
4
1 223222222323333323
2 232332322233223333
2 332332332332333233
3 833383838838338838
2 515911252112995559
3 233232223232233332
2 252212515129252595
3 000707707700007007
1 333322322323232333
4
4
2 195225551251591919
3 033303300303333303
4
4
2 199259225195125999
4
3 444776447474446746
3 282888888222222828
4
4
1 333232332322233323
4
3 446446777767474474
2 212119252292592122
4
1 233232223232233332
3 822888828822228282
2 925122559151512122
2 295951221592295991
4
1 222222223222222233
1 333333333233233322
1 223332322323333333
2 221519219195991211
1 332232322232332233
3 533553353535533553
3 448488848844488848
1 323233333322333222
2 219212599559191192
3 122222222222112112
1 232322232333333322
3 112111212212121212
2 595121159115291292
4
3 112122111122212111
4
3 554444454544545554
3 335333353355555555
3 448448444488488488
3 888484484848884488
1 232232233232222332
2 912215125299212115
4
3 335333353355555555
4
4
1 222323322323322323
3 808008000088080800
3 221212111211222111
3 008088800088008088
4
2 512551915529995951
2 155229211959955521
2 929592595919212191
1 808888008008800088
4
2 955295522919199995
3 122222122112112121
2 291922252195129995
1 088088000880000000
1 808008880008880088
3 388338388888383883
1 088808808080088088
3 121222211211122121
4
3 112212212111222112
4
3 777707770707707700
2 125159591552915955
3 883883838338338838
3 121211112111211221
2 955525951159222295
3 888882222228882888
3 122121122122112121
4
2 555552222159929119
1 008088800088008088
3 828288228882828888
2 511559519955222929
4
3 221112122121111121
4
3 222212221221221111
3 335355555353355553
3 288882288222288282
1 080880008008008888
1 808080080088088880
3 033303300303333303
2 000100110011011010
4
2 010010101111010110
4
1 800000808088800000
4
4
1 808888808080888088
3 211111122211211111
3 212222122221112212
4
2 101001000111011011
3 221211211121112221
3 488884884448888448
4
1 880888880088080800
3 222211111122121222
1 088888088008000888
2 011101111110101100
3 008088800088008088
3 388338383838838383
1 800008880888808088
3 112121221212212112
3 233232223232233332
3 233232223232233332
3 088888088008000888
2 011110000101011001
1 808008000088080800
4
1 008800888080088000
1 080888008808808808
2 110010000100000010
3 070770000770770000
4
2 000111101000111001
1 880008088080800808
3 488884884448888448
3 777707770077007077
4
4
1 888800880808808880
1 808008000008800000
3 339903393993300099
3 844848448888888488
3 121221221211112112
3 000700770077070770
4
3 300033303390333300
3 070770000770770000
3 554444454544545554
4
3 303330303399930393
1 080800000080008008
3 003000030330330000
1 008800808800088080
2 110101101000011010
1 888448844848888484
1 448884488888448848
3 888333838388888383
2 001100111000010111
3 039393000900300090
2 001010000111110110
3 330003330330339300
3 933930939003900930
3 388333333338383833
2 110001000000001110
2 111111000110001100
3 333323222322232323
2 000000010011110111
3 900030939309339090
3 888282288288822828
4
3 933993900099399090
3 882228222288822228
4
4
4
3 000390030309933909
2 111011100001010101
2 010010100101000000
3 993000309933303033
3 355555355553553333
4
4
4
4
3 233322333333222222
1 488444884884488484
4
2 010110100011100101
3 390300933309303900
3 000007070707770777
3 828288228882828888
2 100000011000111100
4
3 222323322323322323
4
2 101111010110011010
1 884444484848884888
3 884444484848884888
3 939393903399333990
1 844848448888888488
3 822222228822222288
2 100100001000101101
2 010011000110101110
3 030393930393099999
3 090033933300900399
4
2 551115151551551115
3 008088800088008088
1 488448488848884488
1 884848844484484888
1 848888848888444444
3 039309309093900399
3 844884448448488444
3 777707770077007077
3 484484488848444888
1 888484484848884488
3 933993003000009993
3 088808808080088088
2 555511515515111155
3 630633443634333666
2 115151151555155155
3 433466634066063633
4
3 406633606646364046
3 636043466333334400
3 436660304630660464
4
4
4
1 484848444884888884
3 433366306630440644
4
3 304466403064300040
1 448448444488488488
1 448488848844488848
3 303006030600603330
3 603344446433003306
1 844884448448488444
3 406333634663640363
2 511515151551115115
3 360366346060064400
3 060046046044066300
2 155151551111155555
3 340663644406333400
4
3 304036304660606640
2 155511115511555551
3 446060340466464606
4
4
3 034066664360600303
3 334064443443330660
1 484484488848444888
1 844484444484888884
3 046344634644034464
1 844844484844844448
3 403004040634434444
4
3 033404640336064006
3 436440404060034636
3 463633030663446646
3 333630636464066633
2 551555111115551515
3 443366646300640644
2 551155515155155551
2 515551551515551511
3 406660640644306444
4
3 600036034030040643
2 555555515555515155
3 404063664466436330
1 844448488488844448
3 344466633400063636
1 488884884448888448
3 403666666043060344
3 444603633644060306
4
1 484444484444444888
4
1 444444484484884488
4
3 663334060006606003
3 060603400430044344
3 606404046406034000
3 606300646630033643
4
1 003000030330330000
3 400004066436346364
3 464603443440303330
3 664444066363603434
4
2 115151155115115111
2 511555515151555115
3 634640346064304363
1 303330300330303303
3 030040433044400033
3 044036336366363636
3 616717677177661711
3 677166166117771671
2 155151515515555155
3 116766766766666671
3 161776611171676776
2 155515115155115515
3 776711716767176716
1 303000003300000333
1 033030330003303303
2 551155551111515151
4
3 167671661711167676
3 671111667176111771
3 167711717176161717
3 117776176661166167
3 617616761671711616
3 171116616676176716
3 661616166171777177
3 176667117166111671
2 151555151155155151
1 033300033033333303
4
2 551551555155551155
4
3 161676677777776761
1 033303033330033300
4
2 115555515555515511
1 330330333033030000
1 033330033033333000
3 161667777717171111
4
2 115155111155515511
3 611611171766776661
3 776776111766676677
1 030333330333333303
4
4
3 716776176171661111
1 003333033000330030
4
4
4
1 330330030300300030
4
1 330330030033033003
4
2 155115151111151155
1 300300300033300303
1 003330003300003303
3 667617777661171677
1 333303300030030300
3 676711617667661617
2 661161116616161111
1 033303300303333303
2 166611161166666116
4
2 116666666611611161
3 617776777717711116
3 717116676777711611
1 330333000000003000
2 161166166161116616
3 771171171166117666
3 171716776611717117
4
2 661166616166616611
2 111166111616116116
4
1 033333003030330303
2 111161166666666111
1 333303000330303000
3 676777177667176717
3 711611671767666611
3 677767111611116717
2 661161116611161161
2 661111166616111661
2 611116111616111661
4
3 716776617716611676
4
3 617666677161167166
3 661611711116167666
1 303003000030033330
4
1 882228222288822228
2 616116111611111161
1 282888888222222828
1 888888282228282222
2 666616166661166611
3 176677611666617611
2 666661666111111116
3 617717161761761167
3 766677676717176777
1 828822288882822288
3 166116161661111111
4
1 288882288222288282
4
4
2 666166661616116661
1 828882288888222822
4
1 822222228822222288
4
4
2 161661111666661116
3 777176767617766777
1 888882222228882888
4
3 171117717616166117
3 767166116611611111
4
2 611166661611161661
4
3 667666166167161676
3 717716661661117611
2 161166166661611661
4
2 661666111616611616
4
3 676161116171617771
4
1 282288222882882222
4
4
4
3 489229989984229244
1 282282828228282822
3 482289898882889249
1 888282288288822828
2 166661616111111111
1 882288888282882288
3 429482942449498242
3 849982999249849849
4
4
3 992882498988494848
3 989892989444222884
3 998424248449892924
4
2 666116161116666161
3 489899494498298949
3 244922898892298489
4
1 822888828822228282
3 499982289948288488
3 249442848499499948
3 894882248289284999
3 248282222888282428
2 377377737373377737
1 888288282822288828
4
2 333337777373737333
3 989922824448829929
3 889242428249998282
2 773377737737777373
3 928924899284928282
4
3 494948489242889898
4
2 373373777337773737
3 894224998284422998
3 298249294842988222
3 482289844982984288
2 373777337337777373
4
3 889829222848844289
2 737737773373737733
3 448284248822849899
4
3 222948944429494448
3 428982489244482998
3 244249889994824284
3 429992924429429292
3 249982948244848844
1 828288228882828888
2 773777377373777733
1 282282288228288222
2 777373777377777377
3 288492289982422282
1 822882828288228228
3 998889424829929988
1 882882828222828888
1 822822888882228222
3 488829442488948244
4
4
4
1 222882888228822822
3 824928898284449244
1 455444544454544544
4
4
4
3 999424298888292424
3 289892488942448299
2 737337373333333377
1 544544554455554444
1 555554544455455554
1 544455444455454554
1 544445455445454545
2 737773333777777733
1 555545554445555555
3 924244842429948824
1 454444445455455454
3 882428844998828892
3 228824494292929899
2 333373777773737773
2 777373373773373337
2 333377777737373777
3 828282828489884829
1 544455445545554544
1 554444445444554444
1 455444545544554454
4
2 373777333373737373
2 773333737377773733
4
4
4
1 554454455544445444
3 442984424882894984
3 248992222484889998
1 545545554454555444
3 888899294489294294
3 355444511345515445
2 773377733337777333
3 434443455554411535
3 553545454433354353
1 444545555545555545
2 373333773377777337
3 515544454114353133
4
4
4
3 314354311333354543
1 454544544555544445
1 455555554455455544
2 777337373733777337
3 114315153113354155
3 533344333444314443
4
1 454454455544455544
2 373377337377373373
3 334143345154314531
2 777337337777777377
1 554444454544545554
3 345143455415153513
1 455554554455554544
3 545443113445144455
3 544435554341114531
3 454133543355414135
3 344443331354143154
3 511541543443413441
3 315441534113444431
2 727727227722277227
3 541513455551545343
1 444545544545544444
3 155114555413135431
2 727227722722227227
2 722227777727727222
3 541335143511345114
2 772777722277777777
2 727272777772227722
3 315551153441334353
2 727722727272277772
2 722722277727277227
3 543414145113435444
3 451551341413444535
2 222222727227227772
3 311335455333311134
3 535413345151535141
2 722272772222777722
3 111353534431113413
3 534113154334141334
3 435334333314111151
4
3 353415333531515435
1 454455545555554544
1 833383838838338838
4
3 514551311114441115
2 227772727227227272
4
2 277777772727222777
3 453533413444131145
3 144455431551141445
2 222722222272722722
2 722272722277277727
4
3 451544544135555333
4
3 444414555351155415
2 772222727222772222
1 338888338333888338
3 515333411433133514
3 511145443531135443
2 277722272272727272
3 314155414515445445
4
4
4
3 411513355135144431
3 343354343351331545
2 777772272727722772
4
2 727722222272722777
2 777277222227772277
2 227227727777777277
3 544335154143145444
2 272272722222272227
3 451115111535115334
4
1 833838888388883388
2 588115775187181875
4
3 355534335543414311
3 669698966688699669
2 587855885888518751
3 896886668869896699
3 866969968698888866
2 885881575877781811
3 868996696666986988
2 858757718857785877
1 333833333888333333
3 666698998886996669
1 388883883883838383
1 888333888388888388
2 785751717758878158
3 698668689668699866
1 388338388888383883
3 969869998689999968
1 333888838833388838
3 888698669969968988
4
2 557817518711871787
2 881151518858888175
2 875855577815117758
3 998966899896668986
2 758887711187578178
3 998986996999688999
4
3 699998866668866986
3 986986699696996888
1 833888383833388333
3 669999886896986966
3 666899699696866896
1 888333838388888383
3 699689696888689968
4
3 988969866868696698
1 388333333338383833
4
3 998996696666996968
2 518181887155751111
3 899888989868969668
3 669986869896886966
3 996898969686988989
3 886666669969696989
2 711585581758158557
2 517758551711515517
4
3 888899889686989889
3 669669889969896869
4
1 388833838883838833
3 896689989996699968
4
4
2 551571551787815875
2 157881117758851857
3 699669686698899688
3 666666689986886698
3 869668666989686986
4
2 555885875875788158
1 338333833388838883
2 585171578551778515
3 668989996989686688
3 898888969689888988
4
3 888968698686986868
1 338333888883838388
1 833383888888388888
1 838383883333888338
1 888333833383333883
3 868869888986966896
3 998986866869868698
3 868886896869996689
2 581158151717817175
4
1 883883838338338838
3 998668868968866999
4
4
3 896688699696889996
4
2 751881755781587588
1 388338383838838383
4
2 515785785588175515
4
1 838883883333888888
3 889886666868899866
3 686898888669686868
3 698689686689689886
3 698996886868998886
3 966968686896869699
2 778551811875881818
