1000
1 661111611616166116
4
4
3 181118818818818818
4
3 366364364366334643
1 111116111161616116
3 434334346344463466
3 644444644633366646
2 505905599330399505
4
2 035995090300353553
3 111181181888811188
3 338338833833833833
1 616666111166616661
3 644646644634363443
4
4
2 009503053095353500
2 509055930530093399
3 335353335335355335
2 509599595390359055
3 997777979799799977
3 779999997799797799
4
1 661166611111111661
1 116161111166661161
1 666616666161161616
3 466463434434444633
3 616666111166616661
2 505930053993905599
1 166666161161111666
1 166616166616611611
1 666611611166616616
2 350095353055393399
4
3 644663636636463336
3 333332223222332232
3 634346336636366436
2 535359595095599399
2 550055055330030030
3 353555355533335355
3 334664646443443444
1 116116111666161166
2 500095000350533330
4
1 666611666611666166
1 611611666666111666
4
3 355553555555553533
2 353335599593090500
3 353355353335553355
2 359930099303005305
3 611611666666111666
2 000039030093599993
2 500553339355300533
3 363644663634434363
3 383883338338838333
4
3 181888888818118888
4
3 119191119999919911
3 633433463443646344
4
4
3 188111818188818188
1 666161161661116161
3 818811188181811888
3 344643633643666364
1 616111166116166661
3 181188881111118881
3 838333883883333388
1 661166111116661111
2 099009355390990533
2 050353305903050335
3 383388888383388338
3 188811881888818881
2 039095505033599099
1 111111111611661166
4
3 634644463364344634
2 990055359030959900
3 533553555553555335
1 616116166611611161
3 633644443346443364
1 666111661166161666
4
3 919919119111191991
4
2 395939095559333599
4
3 797999979797799779
3 634434644634664666
1 116616116166611661
4
2 099959539093035550
1 161666666666661611
1 446466666646444664
4
1 666444444444444666
3 616666111166616661
1 464464646666646464
3 433464434644366366
3 441164164611166144
2 474979499447744449
3 646646644446466666
3 000990009909000090
3 444166116141446411
3 338833833888883333
1 646646464466666646
4
3 464464646666646464
1 446666464664666646
3 323332232323322322
1 666446444646664664
1 646646644446466666
4
1 444664446464646444
3 188811881888818881
4
3 188811881888818881
1 646444444446664446
2 749997797474797497
3 777799797999777779
3 333535353353333555
3 466141114111661466
4
2 779444799479744477
3 466646166466116416
3 188118881881181181
4
3 161641414111644141
3 461166411146114646
4
3 464164146664646466
1 444664464666646646
1 666664464466664464
2 999794444779799449
1 664444446666466446
3 466414111141441161
3 166666161161111666
3 797999979797799779
2 994444977997774977
2 979744499497747994
3 111161141144164111
2 774997799744499794
3 144146646114114414
2 747497449777999994
4
2 744777999794444794
3 118818888818181188
3 466664416114141666
1 464664466446644466
3 614166644644416644
3 797997999977979977
2 774999744947447444
1 466644446466646446
3 666664464466664464
3 242244242424422242
2 947949474749494477
1 446446644664666646
2 494797747999994494
3 461411646414614611
2 479994447474794799
1 646446464464444444
4
3 909009909909999999
1 466646646666664444
4
3 146646461411166664
4
3 611611666666111666
3 833888383388388883
4
2 777794749999474497
4
3 242242242424442242
3 422222422422242424
1 446644644464666644
2 747447444744779744
4
4
3 338338833833833833
1 444446644464664644
1 666644466464466466
3 990909000099000999
1 233223222332333223
1 333332223233232223
3 355353553535353553
3 166141664646616114
3 111466646166664116
3 575555557755555777
3 223222232223233233
4
3 577555557555557575
2 794774479479777779
3 224222424442424222
3 775755757577755777
1 333332223222332232
3 666644466464466466
3 888333388388833838
1 223232323332222223
2 774747947974777979
4
3 797997999977979977
2 994474499497947797
2 474474994449977497
3 577757555557557757
3 757557555575557575
4
3 991911999199199911
3 755755777777757775
3 553535333555535535
4
3 111181181888811188
2 974979797447947794
1 333223332322223333
4
3 575577755755775757
4
1 332323332333332332
2 606770007067000007
4
3 577757775577577757
3 775775775755757755
3 777755755555577577
1 233322223222233233
3 555335535555355533
3 333332223233232223
2 760607067066767770
2 006607066007660067
3 575757555755777777
4
3 338383883338383888
2 070660776706670767
3 242442224242224422
1 232322233322323232
2 776767707767660777
4
4
2 607070766770060067
4
3 555755555577557755
3 775555575755777757
3 577557575555555555
1 222322222322223222
4
1 223323322223322333
3 575775757757777575
2 777676070076706006
2 707600000677007067
4
3 116616116166611661
4
2 670000767000770776
3 797997999977979977
4
4
1 232333232333322333
3 555775555757557775
1 223323223222233323
2 076606007077006006
2 670660060667007606
2 006070767707667660
4
3 757777777757755557
1 323332232323322322
3 424444424242422442
4
3 424222242444242222
4
4
4
4
2 776077006700766766
4
3 555557755775555755
2 606060700777677777
3 577575777577577577
1 223223233222232323
3 575557577757557555
1 232332323323323223
1 222333232322332332
3 575757555575755577
3 646646644446466666
2 006706066777667707
3 557755575757757777
2 707067677070760777
2 706706677706076707
4
1 223222232223233233
3 422222422422242424
3 977977777799979977
2 607600077006766770
2 067677077666700066
4
1 332322323332332232
4
2 000060007706607076
1 223333233333333232
4
2 661616116661661661
1 323333323233332232
4
3 777997799777799977
1 909000990990900099
3 779977779997797779
3 111991991999911119
3 533355553535335333
1 000990009009000009
3 833888383388388883
2 616616616616166116
1 990909000099000999
4
4
3 999977777999777997
2 161166161661661611
4
1 090999900990990090
2 666111161111111166
4
4
3 779999797997799797
3 242242242424442242
1 099909990909999000
3 997797979779977979
4
3 222224222442222242
3 424222242444242222
1 990000009909999099
3 646646644446466666
1 909009909909999999
3 446666464664666646
4
1 000990009909000090
4
4
3 991911119199919991
2 666166111661616116
3 188811881888818881
3 555553335555553353
4
3 979797777999997997
3 811888111811181181
3 232322233322323232
3 999779797979797997
3 997777979799799977
1 900909000999999009
1 099900090090909009
3 535355535333555553
4
2 166116161161611166
3 797977979779979797
4
4
4
4
3 111116111161616116
3 777997999777777799
4
2 111666116116111116
2 616111116111161611
2 661661116161666666
3 646446464464444444
1 000990909900099900
1 900009009900009990
1 099909990990900090
1 090999099099000000
3 111991991999911119
3 997797997979799999
1 009909009009099090
3 919919119111191991
1 099909999909900009
3 353353333333555335
1 900000990000990090
3 977977797979799977
3 797779797979799997
3 119119991199991991
1 990009009909909909
3 990009009909909909
3 797797777979977979
1 090999000900009099
3 977777977799997777
1 090990000990009000
4
3 188118818818118118
3 611611666666111666
4
2 116611116616166666
3 111181181888811188
4
1 383388888383388338
3 444664446464646444
1 838833338888833888
3 119191119999919911
3 511515991559591955
3 616666111166616661
3 818811188181811888
3 353355353335553355
3 159999951551559551
4
2 611111116116611161
3 519999555599915911
4
3 995911955519595911
2 616611661111166661
1 338383883338383888
4
2 616616161616661166
1 838883333838383888
2 661666616611116611
3 999977777999777997
4
4
3 519915151959519119
4
1 888388833883388383
2 161616111161616116
1 338338833833833833
3 233223222332333223
3 919191999119199199
1 333883388838333383
3 995595595591955511
3 464664466446644466
3 818118118818188181
3 888388833883388383
3 818811881188118111
1 888333388388833838
2 116161161611116166
2 666166666666166111
2 111166661616166166
4
4
3 951115115515191195
4
1 383883338338838333
4
3 616666111166616661
4
1 883333883383388888
1 338833833888883333
1 833888383388388883
1 338888883833383883
3 333332223233232223
3 555119591519115159
3 464464646666646464
4
4
3 090999000900009099
1 883338383888383338
1 338883383838888883
4
3 533355553535335333
2 661111116611111111
3 223222232223233233
3 159159995959955515
3 155915911559955559
4
3 799797997797977777
2 661666611616616116
4
2 262622666266266626
2 222222626222662262
3 595955151119591591
4
3 233322223222233233
1 838333883883333388
2 626266262266262262
2 626226622666662226
4
3 888388833883388383
4
2 226262262266226622
2 666662622626622226
4
3 151919111151555115
3 995915111191911955
1 333388338838838833
1 383338338333388838
4
4
1 388338338333338338
2 662266666222266266
3 242424422222422224
4
4
3 999155955519511599
2 262626666626622662
2 666622622262626222
3 111955999999915519
3 909000990990900099
4
4
3 223222232223233233
3 383883338338838333
4
4
1 888388338883388888
3 999999070007900097
4
2 266266622222262622
2 222626222626622626
1 533533335553353333
2 622226226662262222
3 070977097997709977
3 977907970709009079
4
4
1 533355553535335333
3 990770709977997070
3 707997797070707909
3 777790070990900797
4
1 355553555555553533
3 700799799909997070
3 099000777907777070
3 700900999099007997
2 226266222226626222
4
2 222222662222622266
3 700970970990707079
4
3 979000077007770000
4
3 979079709709977977
3 700979999070790900
1 353555355533335355
1 353353333333555335
3 799099007979099700
1 535355535333555553
2 262626222222622662
1 533553555553555335
3 707009779977907009
3 079907007097700709
2 666662622666666626
1 355353553535353553
4
2 226626266662662266
3 999700090777790770
3 070909707070907790
4
3 090779909797907079
2 622626622622666626
2 222622266226666622
3 097909900079977970
2 262262662266626222
2 599050999995095959
2 500555095000595955
3 097097079077707797
3 779070790777779009
2 959095505005509900
3 909707070077009097
3 990700000909779790
2 900590595090090905
3 790090909977970990
4
4
2 999559005550959909
2 905500099590590059
4
2 500050095999005090
3 779090770970079079
1 335335535533555333
2 550995095559095905
3 997979790799970709
2 090505599999055905
4
1 355555553353535333
3 770900707097797709
1 333535353353333555
4
2 000055990095555095
1 333335535555533333
3 009909997970779797
1 553535333555535535
2 909059599990095090
4
2 500550950900000595
3 979790979700007790
3 779990790009907990
2 599950009595559909
1 333335535335555355
3 707999079907979970
3 797900779099997709
2 905990050909505959
1 353535555555553333
2 555950050059059009
3 790070790909997090
2 599955005099509950
3 097797999970070900
2 955995505590999099
1 555553335555553353
4
4
4
4
1 355553555533333335
3 990990990979900979
3 707000099909009000
2 599905559009590009
3 707909007900900090
1 335353335335355335
4
3 797977097070977797
2 090050900055995595
2 900959595909090955
3 707777707770009997
1 555335535555355533
3 666366663676763363
2 444444484383843848
3 763766333363333666
3 336677637337736373
3 633636666366763336
1 353355353335553355
1 119199191199199999
2 343848384884343448
2 344833438343888443
4
3 367366767633333366
3 366677773366737663
3 773763337637333733
2 338843838884883838
3 676677363667636737
1 191991119919911111
3 673636377373677677
3 366736667366733667
3 373767337633636776
2 338484338343438338
1 119119991199991991
1 919919119111191991
4
2 433338844343383834
2 488844484483438334
1 991911999199199911
4
1 991191919999999991
1 919991111919119199
1 999911111911199119
2 888344448338843434
4
1 191911991911911199
4
3 336736773676366766
2 383483884888383343
2 338433333483838433
3 336736667366366663
2 833383333884834343
3 363763733366636663
3 673337766667363673
4
1 119191119999919911
4
4
2 388443483383338488
2 448884484444483388
1 991999111911111999
2 483483433334883844
3 366777667633663633
3 767766666733767737
3 376337737337767733
2 848343888444343343
3 763677737766766733
3 733777777333333673
2 483348434333834848
2 438438834484434433
3 367673333363633367
2 344348443834834348
3 633763666333373363
3 763733367366633377
3 667633637633736736
3 637777363366673736
1 919191999119199199
1 199911111111999991
4
3 666367777377333377
1 991911119199919991
3 736673633676336333
3 733677636366763637
1 999999911991191119
4
2 384843333848338343
2 388488834488348834
3 677373676736676373
3 663733377737363677
2 001111101110111010
4
3 676337367377633367
3 666736666736337633
3 767676677377737777
4
4
2 111000111011000001
1 111119911119919119
3 633673366377336637
1 111991991999911119
2 101000000010011111
4
1 199199919111119911
4
1 119199911119911999
2 111010110000011010
4
3 673673763676766663
3 736373777766636363
2 001111101110011110
3 636777663636333367
2 111111011001111111
3 366776636666766767
3 777336366777737767
4
4
3 763766763777637676
3 264629462442464496
3 426699922429466244
1 999991919911119919
3 262246649226622662
3 694499629296669696
4
1 779999997799797799
3 249249626966946966
1 999799999797779999
3 962499922922662494
3 994666994966624646
3 226942644999496499
1 999977777999777997
3 626469294469462929
3 692929449466964264
1 779977999997779979
3 642622269622262624
3 629424422229222946
2 000110100010111110
2 011100110110101001
1 777799797999777779
1 979797777999997997
2 111011111011000100
1 799797997797977777
2 111010100111011010
3 426694649464964622
4
2 110001101011000110
3 669222494669994646
3 229462692229969466
2 110111100000111010
3 496666642249422299
3 426264244662926496
1 977799779799979997
3 294262266492262494
2 110000101101101010
1 797777997779979797
3 462962266226949924
3 666649242442494224
3 929622224496964966
3 249292969222646292
3 226494442226224962
3 966269442296626264
3 624444669962944492
3 226669969242664269
4
3 949464494694466646
3 694229962462644424
2 001111000011110000
3 294964296996492249
3 996669462222424694
3 666646692996249692
4
1 999797997799997997
4
3 966942266266629942
2 100001110010110101
4
3 444642462449924929
4
4
3 966964692964429626
1 979779777799779779
3 262226624466996944
3 964292246269644624
4
2 110111011010000110
3 922229949269294494
3 922644696499262262
1 797997999977979977
4
2 001010001011010001
3 429449229226944629
1 999799977979779779
2 011000101100110010
3 926644646992994494
3 444444445545455545
2 000011101111101001
3 454545454455444555
3 545555555445455445
4
1 777999797997997979
3 554445545455544455
3 454455455444444444
3 454554545545455554
3 555544554545554545
4
2 011100010111010101
2 662266226226622666
3 554444444555444445
1 797999979797799779
1 977797997797777977
2 222626622662266226
4
3 455454554544444545
1 779779777799999779
3 455555555445445454
1 999779797799799999
4
1 997777979799799977
4
2 266626222266222262
3 444455444445554454
3 544544444455555545
3 455444545454554445
1 997999779777777979
1 111181181888811188
4
1 181888888818118888
4
1 188181188118118181
3 555554545444455545
4
3 444555544554544444
3 454545555555555445
4
3 555544444554544554
3 444454455544444544
1 888881188888818188
3 544555455544454454
1 181188881111118881
4
3 555545545455544555
2 662662266266222226
1 818118118818188181
2 226222626622266622
2 622266666626666226
3 455454454444445454
3 455445554455554455
1 818811188181811888
3 545544455445454544
3 444555455545445555
4
2 626666622262226622
3 455445544554544554
4
3 444544455545554555
2 622666262622622666
3 554545454555454544
3 544445554555445454
1 181118818818818818
1 188818881188811188
3 444544454555545544
2 226266262226622626
3 455554445454444445
1 811888111811181181
2 266626222622622662
3 544544454555555455
1 818811881188118111
3 444545454455545445
4
1 188118881881181181
4
1 111118111881118818
2 262626662226622266
4
3 444555554454554554
3 555544545545554544
4
4
4
1 188111818188818188
1 888188881811188118
3 555454454445554555
3 455445445445454455
3 554544444444545454
3 454455544545554444
4
4
2 666622266666226666
2 262262662226666622
1 188118818818118118
1 118818888818181188
3 554545455554445455
1 111818181888181111
1 188811881888818881
2 262266266222622662
2 626626626226622262
3 455555445544555545
1 111881188818818811
2 662266626626626226
4
4
1 442442442242242224
2 266226226662226226
1 222442424422224444
2 222666622622626622
2 222222666626626262
2 262226666226262262
3 665777777576557765
4
3 555765765565775566
2 866687668767778878
3 656676576777557565
1 444242242224222224
3 775557667657677776
4
3 765665655556757566
2 678688887767677668
1 224222424444444224
3 667676665556557555
1 242442224242224422
1 224244444222422442
3 575675756756565666
3 776656555776667665
3 776576667767675767
2 688676888787786868
4
4
3 566757557775566577
4
3 575566557775566556
3 575666757557575675
4
1 224424424424244244
3 665756655667656575
2 886676787668787787
2 878667668786667777
4
1 224424244242444242
4
2 788878887768667876
3 555665656565566665
3 766565656556777667
4
2 868867686768686868
1 242242242424442242
1 224222424442424222
4
2 866887876686766878
1 244442224222244242
4
3 756567567675666777
3 657565677655557776
4
3 775567655575755767
2 878686787677688788
1 422222422422242424
2 766768878866667878
3 755766577666576765
1 422222222442222424
3 677676765766565676
3 576666657675755565
1 442442222222444424
3 765575756665665565
1 424222242444242222
3 555655567565555675
3 655657657755677666
2 678766886686876687
2 788686666886887667
2 787776677778886866
3 766565775776775756
3 766557675577555657
2 686787886787777787
4
1 242244242424422242
4
3 667657765675565667
4
1 242424422222422224
3 757676665767556776
2 687777788777888867
1 444442422442224244
2 776678666867667776
4
3 756756677757767667
3 675567577575557565
3 566755755667555765
2 866866877877678668
2 687868876668687686
3 575776656767566655
1 424444424242422442
3 655577755766676657
3 667556557776765566
4
3 665765566767575767
3 555775665675555776
4
3 557675756777666676
3 766676576566657675
3 665767675576756765
4
1 222224222442222242
2 677868668866868687
3 666766676766576577
4
2 876766687686867788
4
