1000
1 090999999909000099
1 909000000990990990
3 010101000110000101
1 990009990999900009
3 000300333030303303
2 453458545445438843
1 900999009999990009
3 101101111001110011
4
1 090909090990909099
3 111010111001100111
4
2 353534455338838838
2 388435385444833443
2 848854884388435488
3 111111111313311133
3 331113331113133313
1 009000990000990990
4
3 300300300030300000
3 877788788778888788
2 458444835335345543
3 100011001100000101
3 001100011111000111
3 818188818881181881
1 999009900000009900
1 090990000999009999
3 888488848444448888
3 118188181881811818
4
3 000110011111101100
4
4
1 900900090099009990
4
2 844335334484334885
1 909009900000909009
3 331311333111113311
2 844338545853833555
3 101111010100011100
4
2 854383555554538554
1 909090000909099900
3 009000990000990990
3 110011111010101111
4
2 843558538454358583
1 999999909909990990
2 485844448585548844
3 011001110001111101
3 000070007707700707
3 011011010011001110
4
2 848548385535435348
1 009009099090999099
3 077070077000007700
2 445343838838883888
3 777733373773337733
3 313333113111111131
3 777007000000070000
3 111111111313311133
1 909009990999099009
1 999009090999000009
1 900900909000900990
1 999000900009990009
2 884833384854355834
1 999909900900999990
2 855333883534354353
3 000011100001100010
3 000110000000110001
3 488888444448444444
3 000100000101101100
3 033000000330303333
4
4
3 113111333111133111
1 090099000009909090
4
4
4
4
3 333131131131131111
2 345848483343554588
3 100100111101101110
3 110000110101011011
2 838588338588488385
4
3 600666066660660660
3 660660060006660600
3 700700000707000007
4
3 101000100000100001
4
3 900900909000900990
3 773337777777773373
3 669111966611666991
1 099990099900000090
2 433434835343435455
1 777377377773373333
4
1 773337777777773373
2 484858885353388534
2 583485448543488545
2 558884334333335838
1 333777733773737737
3 000070007707700707
3 001101001001101000
3 113111333111133111
2 277722722227727277
3 909009900000909009
4
2 277227277777272722
3 313313133313133113
1 733337337737773733
3 118811111118188118
3 733337337737773733
4
3 877788788778888788
2 277227727772727272
3 000660006066066660
2 777222222727222777
3 333777733773737737
3 848484888444844484
3 060060006666600660
2 227272777222727722
1 773777377333373777
4
2 227727727727272227
4
3 606006060066000060
4
4
1 333737777733737773
3 669961166669691619
2 722777222772277722
2 272772227277272277
3 733337337737773733
4
3 606060006660066000
3 191199196966619116
2 722722227272272777
2 272727772727727727
2 772272277227777772
4
1 773337333333733733
2 772272727222722227
4
3 000000066006066606
2 222222777777722777
2 227277277722727772
1 337733777337377777
1 337377373373333373
2 777727772277272227
3 000000066006066606
1 777733777373733333
4
3 009000990000990990
1 777733373773337733
4
3 887788778788778778
3 881181188811888118
3 010110011001011101
3 777337777773333377
3 313313133313133113
1 373773333777777333
4
2 227722272227277227
1 777377337333377777
3 696611199116199999
1 777337777773333377
3 818881818818888888
4
3 488884488888444448
3 000000303033300300
1 773733333737373377
2 227727772777722272
4
3 444444484444848848
3 118811111118188118
4
4
3 011110100100011111
4
4
2 772227222227727222
3 003330300003303300
1 377777337773373733
2 777727222277772272
1 733333777773733373
3 966969196661696919
4
3 888818888181811111
3 199661669691116699
2 272272777772777227
1 337333373733737773
4
3 700777000707007707
2 918819991418949899
3 691191161911969191
4
3 969966699699969696
3 313333113111111131
4
3 000000303033300300
3 699669699969669969
3 990009990999900009
4
3 666669696966966996
4
3 669999669666669669
1 773733373777773333
4
2 888149818498849919
3 777733373773337733
3 996999969996996696
1 373373773333373337
3 699666666999999996
2 818911889884988911
3 660666606060066666
1 111811818818818111
3 181818881811111118
3 696696999699999669
3 000700770700000777
2 188114448498199814
4
3 999696669669666666
1 881181188811888118
4
4
4
4
3 006666600006600660
3 844448888888488844
4
3 966699969699996966
3 696996696996969969
3 999966966969666669
3 777377337333377777
3 669969666999966669
3 777377377773373333
1 818181118881888118
3 000000066006066606
1 818188818881181881
1 118111818811888118
2 944998444448148841
3 010101110011101110
4
1 818881818818888888
3 777770007700770077
2 414194911948419994
4
3 966699966696696699
3 669969699999996666
4
1 181818881811111118
2 491984898484949414
2 814884499444911941
3 699969966966669999
3 878888777888788778
3 111100010111000000
3 878888777888788778
3 330333030303003000
4
1 818811818881888188
3 009000990000990990
3 999969996669669999
3 006666600006600660
1 118188181881811818
1 181881811881818888
1 118118188811188181
3 300030333033003000
1 111188188818181811
3 878888777888788778
3 966999996996996966
3 999996669996666966
3 777377377773373333
1 111811188818818181
3 666222662222266266
4
3 622226262666662662
1 888818888181811111
4
3 000110011111101100
3 066006000000066006
3 226222626622262226
3 622262666666266222
3 011110001101101100
1 181111111888188111
2 441849499844444411
3 662262622666662622
3 099990099900000090
4
3 331311333111113311
3 313313333111333331
1 118811111118188118
2 411989914888418888
3 222662262622662226
3 700777000707007707
3 313313333111333331
4
3 909000000990990990
4
1 818811118188881818
4
2 998844114491818899
2 199444848498481184
3 999009090999000009
3 000000066006066606
1 188188111881811188
1 111811881818118818
3 666222626262226622
2 998941484844988984
2 881488494949991988
3 222262266622226662
3 226222262226626662
3 909000000990990990
4
4
1 118881111881111188
4
1 778887878788777778
3 777337777773333377
3 662226666266662622
3 622662222262222622
2 484899118891444949
4
2 118994889948188184
2 891811914998114818
3 111001110110001110
4
4
1 778787788778877887
1 787877887777787877
3 337333373733737773
1 887788778788778778
3 662626226226662626
2 918411844111918499
3 266626626626666262
3 111133111313131331
3 666626666266262662
1 777788787787777878
4
1 777778788877888887
3 313313133313133113
2 944994498191919941
4
3 111811881818118818
3 330333030303003000
3 707070770070077070
1 878888777888788778
4
3 666266266666666222
3 666666626266622226
4
4
4
1 888778788887878787
1 788787787778777877
2 191449114898881994
3 622666626662626626
2 164611161146641166
4
1 777887788887887888
2 161661146464611646
4
3 848888484884444844
3 333333300333330000
1 877878788887787888
1 787887888778777787
4
3 777377377773373333
3 818181118881888118
3 555050507705707075
3 778888778787888888
1 777787777778887888
4
3 909000000990990990
3 331311333111113311
4
4
2 116616144661414111
4
4
2 414144641646166111
2 464646666466611141
1 788877887877878877
1 888788887887877777
3 030003033003300303
2 116411666146411114
3 570757757700050057
2 661411441166644146
2 611446414161616144
1 877788788778888788
3 330333030303003000
3 111101101101101100
3 055577077070550500
1 788788777877877877
3 577057577000005755
3 557575777007505000
3 070077570007057070
3 009000990000990990
4
3 999009090999000009
4
2 411614414611114466
3 313333113111111131
2 661141146161144666
3 055707555555770770
4
2 416646411164446414
1 877787888788778787
2 146666616641114461
1 778888778787888888
1 877887778787777887
3 999009900000009900
3 555570500575557007
2 611644616616461461
3 777377337333377777
1 066006000000066006
1 660666606060066666
1 066006666060066660
2 446616646441644614
2 416441141464141166
3 700557007557550750
3 111811188818818181
2 644414411164461666
3 777733373773337733
3 575777777575007000
2 661661114616614666
3 090909090990909099
2 446414661461446161
3 444444484444848848
1 660600000066006660
4
4
2 441116466646646441
1 060060006666600660
2 611116611114441646
2 311212118812223323
4
2 883228883121322381
2 332111221113218288
3 331333331131113311
1 660660060006660600
4
1 066600060000066600
1 660006660066000600
4
2 121122331213321822
4
2 833328233321112813
2 812238228323311128
1 006666600006600660
3 888488848444448888
3 733333777773733373
1 606006060066000060
3 775077750705700755
4
3 111811881818118818
2 282113818221131818
3 606060006660066000
2 338188832131113323
4
3 000055055055705000
4
3 505570555500500750
2 338382883882232833
4
2 313821338212382811
1 600660660666060600
1 000660006066066660
3 775575750750570057
3 337377373373333373
1 060600066006060606
1 600666066660660660
4
2 883118381118211882
3 011110001101101100
3 050057757557570575
3 570000505555770550
2 233882183231838318
2 118318223233288238
4
3 595959599599999955
3 959555959555999955
3 959599959999959995
1 000660006666006066
3 555959595595955959
4
4
1 606060006660066000
2 228133131182281331
3 959999595999555995
2 222818283111323328
3 555955955559595555
4
4
3 559955955959955555
2 321312138231281831
3 595595555559999955
1 666006060606666606
3 559959559999995559
4
4
2 323831133182288212
3 555955999555995955
1 006000600666006006
2 112311318123313321
3 595955955595955959
1 000000066006066606
3 995999955555559955
3 559559599559595555
4
3 599595955595555959
3 599555595955555999
3 559995559599999555
4
1 600660606666006606
4
4
4
3 555999555559559955
4
3 999555559999559555
4
3 599595995555955595
3 995955999959999559
3 555595599595599595
3 959555995959599559
3 595959599955595955
4
3 995995595559559559
2 223831128128313312
4
3 595995595595599995
4
3 959995959599959559
4
3 559999595955555555
3 999555555955595995
4
4
2 818833331188323232
4
3 959995955955599555
1 313333113111111131
4
3 999555595955999555
3 995959995599959999
1 313313333111333331
2 262666222222226626
3 955555559995999599
1 313333111111331313
2 626266266662226222
4
1 331333331131113311
3 999555995955955959
1 331311333111113311
3 559959559995555559
3 599599599999559995
3 955595999995955995
3 555959555955995955
2 662626266222226666
4
3 555555959555955999
1 311113133313113313
4
4
3 599595995595599995
4
2 622626626666266262
4
3 595555599999559595
1 113331313333131313
4
4
3 969666666699666966
3 999696696966966969
1 311133131133331313
1 331311311311313111
2 626226622666626222
4
1 333131131131131111
2 266662662222662222
4
3 966696699969666666
1 111111111313311133
2 626226266266266222
3 996666969696696699
3 969999669696996699
4
1 113111333111133111
3 696699696669699666
1 133133111333333131
1 113311311111111331
2 266226222262626262
3 999999966696966996
2 222226266626626266
1 111133111313131331
3 966966999996699999
4
1 313313133313133113
2 666262262662222662
4
3 696999999669696966
1 333311131131113113
3 669699669966996969
3 666966699666699666
3 696696969996996996
3 999996666996699696
4
3 966966999666696969
2 626622666226266626
3 699666966699999969
2 262622226622626626
3 969966999969666999
3 999699966699999999
1 113313113131131313
2 222226266662626262
1 133133313111113133
2 266266222622622222
4
4
4
3 666696999696966669
1 331113331113133313
2 626266666222622662
1 844448888888488844
2 262222666222622266
4
1 848888888488448448
4
1 884444484444484484
2 262662226626622622
2 662262262626626626
4
3 666966969666996969
2 262622626662222262
3 666699969969699669
1 884888884444484844
2 662262622266266266
3 996666969996666696
3 666999669666669999
1 848888484884444844
1 488488844484888448
4
4
3 966669669999699666
2 459454555555949495
3 669669966969999996
3 696966996669996696
3 996996969699999666
3 696996669666969666
3 669696999969999669
1 488888444448444444
3 669969696996999969
4
1 888488848444448888
4
3 699966696996666996
3 999669696969669666
1 884888844484888484
3 669999999669996699
1 484488844848848444
1 484848484844448848
1 888444444844844448
1 444444484444848848
3 999969666699966666
3 699969999999666669
1 488884488888444448
3 996966996699996966
3 696666996996999699
1 484888848484448484
3 999666969699969999
2 944594999445959949
4
4
1 484448844888448444
2 599544944495459959
3 696666999699666669
4
4
2 445459495595545449
4
3 696666696996666996
2 444499444499559555
4
4
4
2 494544949545995444
2 554559454945549449
4
2 994449455559594594
3 996996999696966666
4
1 448848884484484844
4
4
1 848484888444844484
3 444666644664644464
1 444448848444488488
3 446644664464664666
2 495559544944554559
2 459495454494545594
2 544959444995545554
2 945949495545494455
3 664666466446464466
2 594994454994555455
2 955544955959549945
2 995595449559459499
1 488888844488884488
4
1 777007000000070000
3 664666666446464444
3 466466666464446666
3 464664644644464466
4
3 464444464666644646
3 666444444466646646
2 949954945594444494
2 945599495994494555
3 444666666446464666
4
4
2 954994594544949949
3 666446646666664646
4
2 949449595494559945
1 770777777070700700
1 077707700007077707
3 646444464664664446
1 070000777077077070
1 707077770077700000
3 646666444646646464
4
1 700700000707000007
3 666444666464664444
2 459549449544999949
3 664666664646466666
1 770070007070000707
1 000070007707700707
3 446666466666664444
4
3 664466664646444446
3 446646644446464464
3 666464644444444666
3 646664446646666464
3 444466644666664644
2 155446551646151415
4
3 644644446446646444
3 646446466446646446
3 664644466646664666
4
1 077070077000007700
2 664451546154165146
3 666666444664664644
2 166116556161615641
3 466646666666446644
2 441566411551115656
1 077770000777707007
3 444464466446664666
2 554664655445644651
2 514646564441551655
2 164151161566641145
2 645414515461551166
3 664444644466444446
3 644644646464644446
3 466466446466646664
4
1 070007700000077777
3 666466666664444666
1 707707070007777077
2 115464116446441546
4
3 444664444466664666
2 555654516451644651
3 646444664646466666
2 114446656155411616
2 541111615656144456
4
1 700777000707007707
1 077000777700070770
3 644464666466666646
3 646666446466464466
3 446664664466444444
3 446444444464664444
3 646466446446444644
1 700007077777777007
3 646466464646646446
4
2 511664555564541546
3 646466466464666464
2 466166164155144165
4
1 070007770070077770
2 464556144111565655
1 777770007700770077
1 000700770700000777
2 155554114165516554
3 646646444444664444
1 700070000770770770
4
3 338888388384888383
4
3 384844843834333444
3 384334348333484843
4
1 707070770070077070
1 333000300003333000
3 488438334333888384
4
3 444334848884884484
3 434333833483844434
3 848483483883444843
4
1 300030333033003000
4
2 655645114444115154
3 388843833488434343
3 834838444838838443
3 843348838348484444
1 330030303030030033
1 030003033003300303
2 556664456454166454
3 484833348834888443
3 884388384383348448
4
3 848383484333483844
1 030003003330330303
3 443483338884443388
2 664156446444444646
2 665156154446554551
4
3 488483384388834834
2 766667486874674844
2 748668747478878786
2 847887448876686664
4
3 334383433444848348
3 344488883343843434
1 333333300333330000
2 868687784447886448
1 303300003300333030
3 338848344343843843
4
4
3 334884433434438843
3 443888338333448388
4
3 884333844833884848
4
3 383384488884333344
1 003330300003303300
1 333030333003030000
3 834883833448843433
4
2 764878774686744874
2 876846747646778777
2 787648468464484877
3 383434334434348834
1 300300300030300000
3 848348448844848344
1 033033300000303300
3 388883844884333483
2 468864848486674678
3 483438483448838444
4
3 834484443434334844
1 000330333000000300
3 338338838338488838
3 338833444844444848
3 438838434838343334
1 003033033333300033
3 438838443343843434
1 000300333030303303
1 330333030303003000
3 448343884888833883
1 033000000330303333
1 033030000030330003
2 674778477678846466
3 443834334338384844
3 438884843838343433
4
2 666467864467487668
2 786776686866774774
2 447787448478667666
2 787474686888674778
3 388834844443333838
1 000333300303030303
3 344888884448838484
3 848488438834433483
2 864778644467474848
4
1 300300033030333330
3 838344833344348384
2 787646468747846886
1 000000303033300300
4
1 010110011001011101
3 834438483838483888
1 111111011101001010
3 639333999639963669
2 784844777478447467
2 447764744784788746
3 999999399966393369
1 100110000101100100
3 933993366639366939
1 101101000101101001
1 011110001101101100
2 776487884664464747
2 788486744644748686
2 646486446876846776
1 100011111010011100
3 966696366399669639
3 669693963666333369
1 100011110100111111
3 939669693966663336
1 001101001001101000
2 338825352535232852
3 636969693666993669
2 523328558522388322
3 396363969696669696
3 939366396639933336
3 633369336363669993
1 111001110110001110
2 883253558253528533
3 396693639933339933
3 333699939669966693
3 393333936933333693
2 323835838538555853
2 525585238833338323
2 235253555833555535
1 011100100100110010
3 993669933393366336
4
3 399963969636999366
1 111100010111000000
1 011110100100011111
3 366939939399999336
3 933936669936336366
2 835855223553228582
3 636363699966966639
3 699369366366663369
3 693633699663936669
4
3 969963339363663396
2 235332383528322232
4
2 333858235552235258
2 823553553232358352
3 996696933966336333
3 393633693333663996
2 823883835358285525
2 222223582382283538
2 885832585852883558
1 000110011111101100
4
1 010001110011111000
3 666366933393633663
4
3 663699336393633369
3 999696396336669666
2 833383532583538383
3 396369366636396693
4
3 693939399369693996
4
4
1 111101101101101100
3 393339393339696999
3 639666399999639933
1 100111111001100000
1 010101110011101110
3 666669333633693939
3 393339333636939396
2 332223583855833323
4
3 333693693936693639
4
2 228833532382838385
1 101100101000101111
1 011001101000000101
2 338235833355858852
3 369963666663363993
4
3 999399963696633999
2 585525855258383332
1 101001010011010000
2 882353528232825883
4
2 283533322525528252
3 633336696666933336
3 936963336393669696
3 369339693666369999
4
3 999336993336393993
4
3 699339666339339363
4
